Dynamical matrix file
File generated with the CellConstructor by Lorenzo Monacelli
1 2 0     1.8897259890000000     0.0000000000000000     0.0000000000000000     0.0000000000000000     0.0000000000000000     0.0000000000000000
Basis vectors
   -0.0000000000210435     2.7567723699365629     2.7567723699365683
    2.7567723699375728    -0.0000000000220488     2.7567723699375715
    2.7567723699528512     2.7567723699528472    -0.0000000000373246
	1  'Si '  25597.9124185021937592
    1     1     0.0000000000136687     0.0000000000129581     0.0000000000020758
    2     1     1.3783861849536767     1.3783861849538765     1.3783861849571299

     Dynamical Matrix in cartesian axes

     q = (    -0.090685760900    -0.090685760900    -0.090685760901 )

    1    1
     0.2627934803086103     0.0000000000000000        0.0188628839303157     0.0000000000000000        0.0188628839331240     0.0000000000000000
     0.0188628839303157     0.0000000000000000        0.2627934803086248     0.0000000000000000        0.0188628839333086     0.0000000000000000
     0.0188628839331240     0.0000000000000000        0.0188628839333087     0.0000000000000000        0.2627934803088335     0.0000000000000000
    1    2
     0.1422828359102152     0.0000000000000000       -0.0748633549930744     0.0000000000000000       -0.0748633549910824     0.0000000000000000
    -0.0748633549930744     0.0000000000000000        0.1422828359101611     0.0000000000000000       -0.0748633549909516     0.0000000000000000
    -0.0748633549910824     0.0000000000000000       -0.0748633549909516     0.0000000000000000        0.1422828359093309     0.0000000000000000
    2    1
     0.1422828359102152     0.0000000000000000       -0.0748633549930744     0.0000000000000000       -0.0748633549910825     0.0000000000000000
    -0.0748633549930744     0.0000000000000000        0.1422828359101611     0.0000000000000000       -0.0748633549909516     0.0000000000000000
    -0.0748633549910825     0.0000000000000000       -0.0748633549909516     0.0000000000000000        0.1422828359093309     0.0000000000000000
    2    2
     0.2628358637097303     0.0000000000000000        0.0188646074963736     0.0000000000000000        0.0188646074991824     0.0000000000000000
     0.0188646074963736     0.0000000000000000        0.2628358637097448     0.0000000000000000        0.0188646074993671     0.0000000000000000
     0.0188646074991824     0.0000000000000000        0.0188646074993672     0.0000000000000000        0.2628358637099534     0.0000000000000000

     Dynamical Matrix in cartesian axes

     q = (     0.090685760899     0.090685760899    -0.090685760899 )

    1    1
     0.2627934803081132     0.0000000000000000        0.0188628839298050     0.0000000000000000       -0.0188628839259369     0.0000000000000000
     0.0188628839298049     0.0000000000000000        0.2627934803081003     0.0000000000000000       -0.0188628839257523     0.0000000000000000
    -0.0188628839259369     0.0000000000000000       -0.0188628839257523     0.0000000000000000        0.2627934803078118     0.0000000000000000
    1    2
    -0.1422828359121882     0.0000000000000000        0.0748633549910474     0.0000000000000000       -0.0748633549937909     0.0000000000000000
     0.0748633549910474     0.0000000000000000       -0.1422828359122431     0.0000000000000000       -0.0748633549939220     0.0000000000000000
    -0.0748633549937909     0.0000000000000000       -0.0748633549939220     0.0000000000000000       -0.1422828359133859     0.0000000000000000
    2    1
    -0.1422828359121882     0.0000000000000000        0.0748633549910474     0.0000000000000000       -0.0748633549937909     0.0000000000000000
     0.0748633549910474     0.0000000000000000       -0.1422828359122431     0.0000000000000000       -0.0748633549939220     0.0000000000000000
    -0.0748633549937909     0.0000000000000000       -0.0748633549939220     0.0000000000000000       -0.1422828359133859     0.0000000000000000
    2    2
     0.2628358637092332     0.0000000000000000        0.0188646074958628     0.0000000000000000       -0.0188646074919942     0.0000000000000000
     0.0188646074958628     0.0000000000000000        0.2628358637092202     0.0000000000000000       -0.0188646074918095     0.0000000000000000
    -0.0188646074919942     0.0000000000000000       -0.0188646074918095     0.0000000000000000        0.2628358637089317     0.0000000000000000

     Dynamical Matrix in cartesian axes

     q = (     0.090685760900    -0.090685760899     0.090685760900 )

    1    1
     0.2627934803085313     0.0000000000000000       -0.0188628839289543     0.0000000000000000        0.0188628839328223     0.0000000000000000
    -0.0188628839289543     0.0000000000000000        0.2627934803080214     0.0000000000000000       -0.0188628839259614     0.0000000000000000
     0.0188628839328223     0.0000000000000000       -0.0188628839259614     0.0000000000000000        0.2627934803083088     0.0000000000000000
    1    2
    -0.1422828359105286     0.0000000000000000       -0.0748633549926289     0.0000000000000000        0.0748633549898851     0.0000000000000000
    -0.0748633549926288     0.0000000000000000       -0.1422828359125562     0.0000000000000000       -0.0748633549947518     0.0000000000000000
     0.0748633549898850     0.0000000000000000       -0.0748633549947518     0.0000000000000000       -0.1422828359114132     0.0000000000000000
    2    1
    -0.1422828359105286     0.0000000000000000       -0.0748633549926288     0.0000000000000000        0.0748633549898850     0.0000000000000000
    -0.0748633549926288     0.0000000000000000       -0.1422828359125562     0.0000000000000000       -0.0748633549947518     0.0000000000000000
     0.0748633549898851     0.0000000000000000       -0.0748633549947518     0.0000000000000000       -0.1422828359114132     0.0000000000000000
    2    2
     0.2628358637096514     0.0000000000000000       -0.0188646074950121     0.0000000000000000        0.0188646074988807     0.0000000000000000
    -0.0188646074950121     0.0000000000000000        0.2628358637091414     0.0000000000000000       -0.0188646074920186     0.0000000000000000
     0.0188646074988807     0.0000000000000000       -0.0188646074920186     0.0000000000000000        0.2628358637094288     0.0000000000000000

     Dynamical Matrix in cartesian axes

     q = (    -0.090685760899     0.090685760900     0.090685760900 )

    1    1
     0.2627934803080343     0.0000000000000000       -0.0188628839289681     0.0000000000000000       -0.0188628839261598     0.0000000000000000
    -0.0188628839289680     0.0000000000000000        0.2627934803085459     0.0000000000000000        0.0188628839330207     0.0000000000000000
    -0.0188628839261597     0.0000000000000000        0.0188628839330207     0.0000000000000000        0.2627934803083364     0.0000000000000000
    1    2
    -0.1422828359125013     0.0000000000000000       -0.0748633549926833     0.0000000000000000       -0.0748633549946753     0.0000000000000000
    -0.0748633549926833     0.0000000000000000       -0.1422828359104745     0.0000000000000000        0.0748633549898088     0.0000000000000000
    -0.0748633549946753     0.0000000000000000        0.0748633549898088     0.0000000000000000       -0.1422828359113039     0.0000000000000000
    2    1
    -0.1422828359125013     0.0000000000000000       -0.0748633549926833     0.0000000000000000       -0.0748633549946753     0.0000000000000000
    -0.0748633549926833     0.0000000000000000       -0.1422828359104745     0.0000000000000000        0.0748633549898088     0.0000000000000000
    -0.0748633549946753     0.0000000000000000        0.0748633549898088     0.0000000000000000       -0.1422828359113039     0.0000000000000000
    2    2
     0.2628358637091542     0.0000000000000000       -0.0188646074950258     0.0000000000000000       -0.0188646074922170     0.0000000000000000
    -0.0188646074950258     0.0000000000000000        0.2628358637096659     0.0000000000000000        0.0188646074990791     0.0000000000000000
    -0.0188646074922171     0.0000000000000000        0.0188646074990791     0.0000000000000000        0.2628358637094563     0.0000000000000000

     Diagonalizing the dynamical matrix

     q = (    -0.090685760900    -0.090685760900    -0.090685760901 )

***************************************************************************
   freq (    1) =     3.36650105 [THz] =   112.29437166 [cm-1]
(   0.274866  0.000000   0.302294  0.000000  -0.577160  0.000000 )
(  -0.274840  0.000000  -0.302266  0.000000   0.577106  0.000000 )
   freq (    2) =     3.36650105 [THz] =   112.29437166 [cm-1]
(   0.507753  0.000000  -0.491918  0.000000  -0.015836  0.000000 )
(  -0.507706  0.000000   0.491871  0.000000   0.015834  0.000000 )
   freq (    3) =    11.13216451 [THz] =   371.32898517 [cm-1]
(   0.408876  0.000000   0.408876  0.000000   0.408876  0.000000 )
(   0.407619  0.000000   0.407619  0.000000   0.407619  0.000000 )
   freq (    4) =    11.41138976 [THz] =   380.64293549 [cm-1]
(  -0.407619  0.000000  -0.407619  0.000000  -0.407619  0.000000 )
(   0.408876  0.000000   0.408876  0.000000   0.408876  0.000000 )
   freq (    5) =    13.96269347 [THz] =   465.74525486 [cm-1]
(  -0.274810  0.000000  -0.302295  0.000000   0.577105  0.000000 )
(  -0.274836  0.000000  -0.302323  0.000000   0.577159  0.000000 )
   freq (    6) =    13.96269347 [THz] =   465.74525486 [cm-1]
(   0.507722  0.000000  -0.491854  0.000000  -0.015868  0.000000 )
(   0.507769  0.000000  -0.491900  0.000000  -0.015870  0.000000 )
***************************************************************************
