Dynamical matrix file
File generated with the CellConstructor by Lorenzo Monacelli
1 2 0     1.8897259890000000     0.0000000000000000     0.0000000000000000     0.0000000000000000     0.0000000000000000     0.0000000000000000
Basis vectors
   -0.0000000000210435     2.7567723699365629     2.7567723699365683
    2.7567723699375728    -0.0000000000220488     2.7567723699375715
    2.7567723699528512     2.7567723699528472    -0.0000000000373246
	1  'Si '  25597.9124185021937592
    1     1     0.0000000000136687     0.0000000000129581     0.0000000000020758
    2     1     1.3783861849536767     1.3783861849538765     1.3783861849571299

     Dynamical Matrix in cartesian axes

     q = (    -0.000000000001    -0.000000000001    -0.181371521802 )

    1    1
     0.2193713294606082     0.0000000000000000        0.0000000000004588     0.0000000000000000        0.0000000000035618     0.0000000000000000
     0.0000000000004588     0.0000000000000000        0.2193713294606089     0.0000000000000000        0.0000000000037587     0.0000000000000000
     0.0000000000035618     0.0000000000000000        0.0000000000037587     0.0000000000000000        0.3212977239002145     0.0000000000000000
    1    2
    -0.0000000000003619     0.0000000000000000       -0.1730550749179724     0.0000000000000000       -0.0000000000012032     0.0000000000000000
    -0.1730550749179723     0.0000000000000000       -0.0000000000003619     0.0000000000000000       -0.0000000000011401     0.0000000000000000
    -0.0000000000012032     0.0000000000000000       -0.0000000000011401     0.0000000000000000        0.0000000000000000     0.0000000000000000
    2    1
    -0.0000000000003619     0.0000000000000000       -0.1730550749179724     0.0000000000000000       -0.0000000000012032     0.0000000000000000
    -0.1730550749179723     0.0000000000000000       -0.0000000000003619     0.0000000000000000       -0.0000000000011401     0.0000000000000000
    -0.0000000000012032     0.0000000000000000       -0.0000000000011401     0.0000000000000000        0.0000000000000000     0.0000000000000000
    2    2
     0.2193568949940163     0.0000000000000000        0.0000000000004587     0.0000000000000000        0.0000000000035619     0.0000000000000000
     0.0000000000004587     0.0000000000000000        0.2193568949940169     0.0000000000000000        0.0000000000037589     0.0000000000000000
     0.0000000000035619     0.0000000000000000        0.0000000000037589     0.0000000000000000        0.3213341540171716     0.0000000000000000

     Dynamical Matrix in cartesian axes

     q = (     0.000000000000    -0.181371521802    -0.000000000001 )

    1    1
     0.2193713294606082     0.0000000000000000        0.0000000000005654     0.0000000000000000        0.0000000000028903     0.0000000000000000
     0.0000000000005654     0.0000000000000000        0.3212977239002151     0.0000000000000000        0.0000000000037588     0.0000000000000000
     0.0000000000028903     0.0000000000000000        0.0000000000037588     0.0000000000000000        0.2193713294606085     0.0000000000000000
    1    2
    -0.0000000000022800     0.0000000000000000       -0.0000000000012030     0.0000000000000000       -0.1730550749179722     0.0000000000000000
    -0.0000000000012030     0.0000000000000000        0.0000000000000000     0.0000000000000000       -0.0000000000001809     0.0000000000000000
    -0.1730550749179722     0.0000000000000000       -0.0000000000001809     0.0000000000000000       -0.0000000000022801     0.0000000000000000
    2    1
    -0.0000000000022800     0.0000000000000000       -0.0000000000012030     0.0000000000000000       -0.1730550749179722     0.0000000000000000
    -0.0000000000012030     0.0000000000000000        0.0000000000000000     0.0000000000000000       -0.0000000000001809     0.0000000000000000
    -0.1730550749179722     0.0000000000000000       -0.0000000000001809     0.0000000000000000       -0.0000000000022801     0.0000000000000000
    2    2
     0.2193568949940163     0.0000000000000000        0.0000000000005654     0.0000000000000000        0.0000000000028901     0.0000000000000000
     0.0000000000005654     0.0000000000000000        0.3213341540171722     0.0000000000000000        0.0000000000037590     0.0000000000000000
     0.0000000000028902     0.0000000000000000        0.0000000000037590     0.0000000000000000        0.2193568949940165     0.0000000000000000

     Dynamical Matrix in cartesian axes

     q = (    -0.181371521802     0.000000000000    -0.000000000001 )

    1    1
     0.3212977239002141     0.0000000000000000        0.0000000000005653     0.0000000000000000        0.0000000000035618     0.0000000000000000
     0.0000000000005653     0.0000000000000000        0.2193713294606089     0.0000000000000000        0.0000000000030502     0.0000000000000000
     0.0000000000035618     0.0000000000000000        0.0000000000030502     0.0000000000000000        0.2193713294606085     0.0000000000000000
    1    2
     0.0000000000000000     0.0000000000000000       -0.0000000000011400     0.0000000000000000       -0.0000000000001810     0.0000000000000000
    -0.0000000000011400     0.0000000000000000       -0.0000000000024060     0.0000000000000000       -0.1730550749179725     0.0000000000000000
    -0.0000000000001810     0.0000000000000000       -0.1730550749179725     0.0000000000000000       -0.0000000000024064     0.0000000000000000
    2    1
     0.0000000000000000     0.0000000000000000       -0.0000000000011400     0.0000000000000000       -0.0000000000001810     0.0000000000000000
    -0.0000000000011400     0.0000000000000000       -0.0000000000024060     0.0000000000000000       -0.1730550749179725     0.0000000000000000
    -0.0000000000001810     0.0000000000000000       -0.1730550749179725     0.0000000000000000       -0.0000000000024064     0.0000000000000000
    2    2
     0.3213341540171712     0.0000000000000000        0.0000000000005654     0.0000000000000000        0.0000000000035619     0.0000000000000000
     0.0000000000005654     0.0000000000000000        0.2193568949940169     0.0000000000000000        0.0000000000030500     0.0000000000000000
     0.0000000000035619     0.0000000000000000        0.0000000000030499     0.0000000000000000        0.2193568949940166     0.0000000000000000

     Diagonalizing the dynamical matrix

     q = (    -0.000000000001    -0.000000000001    -0.181371521802 )

***************************************************************************
   freq (    1) =     4.42492461 [THz] =   147.59957624 [cm-1]
(  -0.499986  0.000000   0.499993  0.000000  -0.000000  0.000000 )
(   0.500014  0.000000  -0.500007  0.000000   0.000000  0.000000 )
   freq (    2) =     4.42492461 [THz] =   147.59957624 [cm-1]
(   0.499993  0.000000   0.499986  0.000000  -0.000000  0.000000 )
(   0.500007  0.000000   0.500014  0.000000  -0.000000  0.000000 )
   freq (    3) =    11.65539039 [THz] =   388.78191931 [cm-1]
(   0.000000  0.000000   0.000000  0.000000  -1.000000  0.000000 )
(  -0.000000  0.000000  -0.000000  0.000000   0.000000  0.000000 )
   freq (    4) =    11.65605114 [THz] =   388.80395957 [cm-1]
(  -0.000000  0.000000  -0.000000  0.000000  -0.000000  0.000000 )
(   0.000000  0.000000   0.000000  0.000000  -1.000000  0.000000 )
   freq (    5) =    12.88095660 [THz] =   429.66240193 [cm-1]
(   0.500062  0.000000  -0.499959  0.000000  -0.000000  0.000000 )
(   0.499938  0.000000  -0.500041  0.000000  -0.000000  0.000000 )
   freq (    6) =    12.88095660 [THz] =   429.66240193 [cm-1]
(   0.499959  0.000000   0.500062  0.000000   0.000000  0.000000 )
(  -0.500041  0.000000  -0.499938  0.000000  -0.000000  0.000000 )
***************************************************************************
