Dynamical matrix file
File generated with the CellConstructor by Lorenzo Monacelli
1 2 0     1.8897259890000000     0.0000000000000000     0.0000000000000000     0.0000000000000000     0.0000000000000000     0.0000000000000000
Basis vectors
   -0.0000000000210435     2.7567723699365629     2.7567723699365683
    2.7567723699375728    -0.0000000000220488     2.7567723699375715
    2.7567723699528512     2.7567723699528472    -0.0000000000373246
	1  'Si '  25597.9124185021937592
    1     1     0.0000000000136687     0.0000000000129581     0.0000000000020758
    2     1     1.3783861849536767     1.3783861849538765     1.3783861849571299

     Dynamical Matrix in cartesian axes

     q = (     0.045342880452     0.045342880452     0.045342880452 )

    1    1
     0.2634688312518317    -0.0000000000000000        0.0117697291315549    -0.0000000000000000        0.0117697291344100    -0.0000000000000000
     0.0117697291315549    -0.0000000000000000        0.2634688312518411    -0.0000000000000000        0.0117697291345977    -0.0000000000000000
     0.0117697291344100    -0.0000000000000000        0.0117697291345977    -0.0000000000000000        0.2634688312519711    -0.0000000000000000
    1    2
    -0.0597063394988174     0.1970223900727686       -0.0356947326471457    -0.0343391070331266       -0.0356947326476097    -0.0343391070307524
    -0.0356947326471457    -0.0343391070331266       -0.0597063394988436     0.1970223900727442       -0.0356947326476402    -0.0343391070305964
    -0.0356947326476096    -0.0343391070307524       -0.0356947326476402    -0.0343391070305964       -0.0597063394992392     0.1970223900723632
    2    1
    -0.0597063394988174    -0.1970223900727686       -0.0356947326471457     0.0343391070331266       -0.0356947326476097     0.0343391070307524
    -0.0356947326471457     0.0343391070331266       -0.0597063394988436    -0.1970223900727442       -0.0356947326476402     0.0343391070305964
    -0.0356947326476096     0.0343391070307525       -0.0356947326476402     0.0343391070305964       -0.0597063394992392    -0.1970223900723632
    2    2
     0.2634616906234220    -0.0000000000000000        0.0117584617123853    -0.0000000000000000        0.0117584617152404    -0.0000000000000000
     0.0117584617123853    -0.0000000000000000        0.2634616906234313    -0.0000000000000000        0.0117584617154281    -0.0000000000000000
     0.0117584617152404    -0.0000000000000000        0.0117584617154281    -0.0000000000000000        0.2634616906235612    -0.0000000000000000

     Dynamical Matrix in cartesian axes

     q = (    -0.045342880451    -0.045342880451     0.045342880450 )

    1    1
     0.2634688312515216    -0.0000000000000000        0.0117697291312362    -0.0000000000000000       -0.0117697291273037     0.0000000000000000
     0.0117697291312362    -0.0000000000000000        0.2634688312515138    -0.0000000000000000       -0.0117697291271160     0.0000000000000000
    -0.0117697291273037     0.0000000000000000       -0.0117697291271160     0.0000000000000000        0.2634688312513336    -0.0000000000000000
    1    2
    -0.1970223874634614    -0.0597063481112031        0.0343391085926811    -0.0356947311449592       -0.0343391085959511     0.0356947311443201
     0.0343391085926811    -0.0356947311449592       -0.1970223874634870    -0.0597063481111772       -0.0343391085961072     0.0356947311442896
    -0.0343391085959511     0.0356947311443201       -0.0343391085961072     0.0356947311442896       -0.1970223874640109    -0.0597063481106321
    2    1
    -0.1970223874634614     0.0597063481112031        0.0343391085926811     0.0356947311449592       -0.0343391085959511    -0.0356947311443201
     0.0343391085926811     0.0356947311449592       -0.1970223874634870     0.0597063481111772       -0.0343391085961072    -0.0356947311442896
    -0.0343391085959511    -0.0356947311443201       -0.0343391085961072    -0.0356947311442896       -0.1970223874640109     0.0597063481106321
    2    2
     0.2634616906231121    -0.0000000000000000        0.0117584617120669    -0.0000000000000000       -0.0117584617081344     0.0000000000000000
     0.0117584617120669    -0.0000000000000000        0.2634616906231044    -0.0000000000000000       -0.0117584617079468     0.0000000000000000
    -0.0117584617081344     0.0000000000000000       -0.0117584617079468     0.0000000000000000        0.2634616906229243    -0.0000000000000000

     Dynamical Matrix in cartesian axes

     q = (    -0.045342880452     0.045342880451    -0.045342880451 )

    1    1
     0.2634688312517824    -0.0000000000000000       -0.0117697291302893     0.0000000000000000        0.0117697291342217    -0.0000000000000000
    -0.0117697291302893     0.0000000000000000        0.2634688312514646    -0.0000000000000000       -0.0117697291272465     0.0000000000000000
     0.0117697291342217    -0.0000000000000000       -0.0117697291272465     0.0000000000000000        0.2634688312516437    -0.0000000000000000
    1    2
    -0.1970223874624766    -0.0597063481127323       -0.0343391085940913     0.0356947311450511        0.0343391085908213    -0.0356947311456901
    -0.0343391085940913     0.0356947311450511       -0.1970223874634070    -0.0597063481117659       -0.0343391085966216     0.0356947311445567
     0.0343391085908213    -0.0356947311456901       -0.0343391085966216     0.0356947311445567       -0.1970223874628825    -0.0597063481123107
    2    1
    -0.1970223874624765     0.0597063481127323       -0.0343391085940913    -0.0356947311450511        0.0343391085908213     0.0356947311456901
    -0.0343391085940913    -0.0356947311450511       -0.1970223874634070     0.0597063481117659       -0.0343391085966216    -0.0356947311445567
     0.0343391085908213     0.0356947311456901       -0.0343391085966216    -0.0356947311445567       -0.1970223874628825     0.0597063481123107
    2    2
     0.2634616906233727    -0.0000000000000000       -0.0117584617111199     0.0000000000000000        0.0117584617150523    -0.0000000000000000
    -0.0117584617111199     0.0000000000000000        0.2634616906230552    -0.0000000000000000       -0.0117584617080771     0.0000000000000000
     0.0117584617150523    -0.0000000000000000       -0.0117584617080771     0.0000000000000000        0.2634616906232342    -0.0000000000000000

     Dynamical Matrix in cartesian axes

     q = (     0.045342880451    -0.045342880452    -0.045342880451 )

    1    1
     0.2634688312514724    -0.0000000000000000       -0.0117697291302978     0.0000000000000000       -0.0117697291274428     0.0000000000000000
    -0.0117697291302978     0.0000000000000000        0.2634688312517918    -0.0000000000000000        0.0117697291344180    -0.0000000000000000
    -0.0117697291274427     0.0000000000000000        0.0117697291344180    -0.0000000000000000        0.2634688312516609    -0.0000000000000000
    1    2
    -0.1970223874633334    -0.0597063481119504       -0.0343391085941451     0.0356947311450495       -0.0343391085965192     0.0356947311445855
    -0.0343391085941451     0.0356947311450495       -0.1970223874624041    -0.0597063481129171        0.0343391085907190    -0.0356947311457190
    -0.0343391085965192     0.0356947311445855        0.0343391085907190    -0.0356947311457190       -0.1970223874627843    -0.0597063481125214
    2    1
    -0.1970223874633333     0.0597063481119504       -0.0343391085941451    -0.0356947311450495       -0.0343391085965192    -0.0356947311445855
    -0.0343391085941451    -0.0356947311450495       -0.1970223874624040     0.0597063481129171        0.0343391085907190     0.0356947311457190
    -0.0343391085965192    -0.0356947311445855        0.0343391085907190     0.0356947311457190       -0.1970223874627843     0.0597063481125214
    2    2
     0.2634616906230629    -0.0000000000000000       -0.0117584617111285     0.0000000000000000       -0.0117584617082733     0.0000000000000000
    -0.0117584617111285     0.0000000000000000        0.2634616906233822    -0.0000000000000000        0.0117584617152486    -0.0000000000000000
    -0.0117584617082733     0.0000000000000000        0.0117584617152486    -0.0000000000000000        0.2634616906232514    -0.0000000000000000

     Dynamical Matrix in cartesian axes

     q = (    -0.045342880452    -0.045342880452    -0.045342880452 )

    1    1
     0.2634688312518317     0.0000000000000000        0.0117697291315549     0.0000000000000000        0.0117697291344100     0.0000000000000000
     0.0117697291315549     0.0000000000000000        0.2634688312518411     0.0000000000000000        0.0117697291345977     0.0000000000000000
     0.0117697291344100     0.0000000000000000        0.0117697291345977     0.0000000000000000        0.2634688312519711     0.0000000000000000
    1    2
    -0.0597063394988174    -0.1970223900727686       -0.0356947326471457     0.0343391070331266       -0.0356947326476097     0.0343391070307524
    -0.0356947326471457     0.0343391070331266       -0.0597063394988436    -0.1970223900727442       -0.0356947326476402     0.0343391070305964
    -0.0356947326476096     0.0343391070307524       -0.0356947326476402     0.0343391070305964       -0.0597063394992392    -0.1970223900723632
    2    1
    -0.0597063394988174     0.1970223900727686       -0.0356947326471457    -0.0343391070331266       -0.0356947326476097    -0.0343391070307524
    -0.0356947326471457    -0.0343391070331266       -0.0597063394988436     0.1970223900727442       -0.0356947326476402    -0.0343391070305964
    -0.0356947326476096    -0.0343391070307525       -0.0356947326476402    -0.0343391070305964       -0.0597063394992392     0.1970223900723632
    2    2
     0.2634616906234220     0.0000000000000000        0.0117584617123853     0.0000000000000000        0.0117584617152404     0.0000000000000000
     0.0117584617123853     0.0000000000000000        0.2634616906234313     0.0000000000000000        0.0117584617154281     0.0000000000000000
     0.0117584617152404     0.0000000000000000        0.0117584617154281     0.0000000000000000        0.2634616906235612     0.0000000000000000

     Dynamical Matrix in cartesian axes

     q = (     0.045342880451     0.045342880451    -0.045342880450 )

    1    1
     0.2634688312515216     0.0000000000000000        0.0117697291312362     0.0000000000000000       -0.0117697291273037    -0.0000000000000000
     0.0117697291312362     0.0000000000000000        0.2634688312515138     0.0000000000000000       -0.0117697291271160    -0.0000000000000000
    -0.0117697291273037    -0.0000000000000000       -0.0117697291271160    -0.0000000000000000        0.2634688312513336     0.0000000000000000
    1    2
    -0.1970223874634614     0.0597063481112031        0.0343391085926811     0.0356947311449592       -0.0343391085959511    -0.0356947311443201
     0.0343391085926811     0.0356947311449592       -0.1970223874634870     0.0597063481111772       -0.0343391085961072    -0.0356947311442896
    -0.0343391085959511    -0.0356947311443201       -0.0343391085961072    -0.0356947311442896       -0.1970223874640109     0.0597063481106321
    2    1
    -0.1970223874634614    -0.0597063481112031        0.0343391085926811    -0.0356947311449592       -0.0343391085959511     0.0356947311443201
     0.0343391085926811    -0.0356947311449592       -0.1970223874634870    -0.0597063481111772       -0.0343391085961072     0.0356947311442896
    -0.0343391085959511     0.0356947311443201       -0.0343391085961072     0.0356947311442896       -0.1970223874640109    -0.0597063481106321
    2    2
     0.2634616906231121     0.0000000000000000        0.0117584617120669     0.0000000000000000       -0.0117584617081344    -0.0000000000000000
     0.0117584617120669     0.0000000000000000        0.2634616906231044     0.0000000000000000       -0.0117584617079468    -0.0000000000000000
    -0.0117584617081344    -0.0000000000000000       -0.0117584617079468    -0.0000000000000000        0.2634616906229243     0.0000000000000000

     Dynamical Matrix in cartesian axes

     q = (     0.045342880452    -0.045342880451     0.045342880451 )

    1    1
     0.2634688312517824     0.0000000000000000       -0.0117697291302893    -0.0000000000000000        0.0117697291342217     0.0000000000000000
    -0.0117697291302893    -0.0000000000000000        0.2634688312514646     0.0000000000000000       -0.0117697291272465    -0.0000000000000000
     0.0117697291342217     0.0000000000000000       -0.0117697291272465    -0.0000000000000000        0.2634688312516437     0.0000000000000000
    1    2
    -0.1970223874624766     0.0597063481127323       -0.0343391085940913    -0.0356947311450511        0.0343391085908213     0.0356947311456901
    -0.0343391085940913    -0.0356947311450511       -0.1970223874634070     0.0597063481117659       -0.0343391085966216    -0.0356947311445567
     0.0343391085908213     0.0356947311456901       -0.0343391085966216    -0.0356947311445567       -0.1970223874628825     0.0597063481123107
    2    1
    -0.1970223874624765    -0.0597063481127323       -0.0343391085940913     0.0356947311450511        0.0343391085908213    -0.0356947311456901
    -0.0343391085940913     0.0356947311450511       -0.1970223874634070    -0.0597063481117659       -0.0343391085966216     0.0356947311445567
     0.0343391085908213    -0.0356947311456901       -0.0343391085966216     0.0356947311445567       -0.1970223874628825    -0.0597063481123107
    2    2
     0.2634616906233727     0.0000000000000000       -0.0117584617111199    -0.0000000000000000        0.0117584617150523     0.0000000000000000
    -0.0117584617111199    -0.0000000000000000        0.2634616906230552     0.0000000000000000       -0.0117584617080771    -0.0000000000000000
     0.0117584617150523     0.0000000000000000       -0.0117584617080771    -0.0000000000000000        0.2634616906232342     0.0000000000000000

     Dynamical Matrix in cartesian axes

     q = (    -0.045342880451     0.045342880452     0.045342880451 )

    1    1
     0.2634688312514724     0.0000000000000000       -0.0117697291302978    -0.0000000000000000       -0.0117697291274428    -0.0000000000000000
    -0.0117697291302978    -0.0000000000000000        0.2634688312517918     0.0000000000000000        0.0117697291344180     0.0000000000000000
    -0.0117697291274427    -0.0000000000000000        0.0117697291344180     0.0000000000000000        0.2634688312516609     0.0000000000000000
    1    2
    -0.1970223874633334     0.0597063481119504       -0.0343391085941451    -0.0356947311450495       -0.0343391085965192    -0.0356947311445855
    -0.0343391085941451    -0.0356947311450495       -0.1970223874624041     0.0597063481129171        0.0343391085907190     0.0356947311457190
    -0.0343391085965192    -0.0356947311445855        0.0343391085907190     0.0356947311457190       -0.1970223874627843     0.0597063481125214
    2    1
    -0.1970223874633333    -0.0597063481119504       -0.0343391085941451     0.0356947311450495       -0.0343391085965192     0.0356947311445855
    -0.0343391085941451     0.0356947311450495       -0.1970223874624040    -0.0597063481129171        0.0343391085907190    -0.0356947311457190
    -0.0343391085965192     0.0356947311445855        0.0343391085907190    -0.0356947311457190       -0.1970223874627843    -0.0597063481125214
    2    2
     0.2634616906230629     0.0000000000000000       -0.0117584617111285    -0.0000000000000000       -0.0117584617082733    -0.0000000000000000
    -0.0117584617111285    -0.0000000000000000        0.2634616906233822     0.0000000000000000        0.0117584617152486     0.0000000000000000
    -0.0117584617082733    -0.0000000000000000        0.0117584617152486     0.0000000000000000        0.2634616906232514     0.0000000000000000

     Diagonalizing the dynamical matrix

     q = (     0.045342880452     0.045342880452     0.045342880452 )

***************************************************************************
   freq (    1) =     2.84155149 [THz] =    94.78394164 [cm-1]
(  -0.274837  0.000000  -0.302298  0.000032   0.577135 -0.000032 )
(  -0.028371 -0.273366  -0.031238 -0.300677   0.059609  0.574043 )
   freq (    2) =     2.84155149 [THz] =    94.78394164 [cm-1]
(   0.507741  0.000000  -0.491886  0.000017  -0.015855 -0.000017 )
(   0.052413  0.505024  -0.050794 -0.489252  -0.001619 -0.015772 )
   freq (    3) =     6.61620521 [THz] =   220.69281902 [cm-1]
(  -0.408232  0.000000  -0.408232  0.000000  -0.408232  0.000000 )
(  -0.291732 -0.285609  -0.291732 -0.285609  -0.291732 -0.285609 )
   freq (    4) =    14.10367506 [THz] =   470.44789368 [cm-1]
(   0.408265  0.000000   0.408265  0.000000   0.408265  0.000000 )
(  -0.291709 -0.285586  -0.291709 -0.285586  -0.291709 -0.285586 )
   freq (    5) =    14.30976911 [THz] =   477.32245040 [cm-1]
(  -0.274833  0.000000  -0.302297 -0.000004   0.577130  0.000004 )
(   0.028371  0.273367   0.031202  0.300685  -0.059574 -0.574052 )
   freq (    6) =    14.30976911 [THz] =   477.32245040 [cm-1]
(   0.507738  0.000000  -0.491881 -0.000002  -0.015857  0.000002 )
(  -0.052414 -0.505029   0.050775  0.489258   0.001639  0.015772 )
***************************************************************************
