Dynamical matrix file
File generated with the CellConstructor by Lorenzo Monacelli
1 2 0     1.8897259890000000     0.0000000000000000     0.0000000000000000     0.0000000000000000     0.0000000000000000     0.0000000000000000
Basis vectors
   -0.0000000000210435     2.7567723699365629     2.7567723699365683
    2.7567723699375728    -0.0000000000220488     2.7567723699375715
    2.7567723699528512     2.7567723699528472    -0.0000000000373246
	1  'Si '  25597.9124185021937592
    1     1     0.0000000000136687     0.0000000000129581     0.0000000000020758
    2     1     1.3783861849536767     1.3783861849538765     1.3783861849571299

     Dynamical Matrix in cartesian axes

     q = (     0.000000000000     0.000000000000     0.000000000000 )

    1    1
     0.2640135363381053     0.0000000000000000        0.0000000000005521     0.0000000000000000        0.0000000000034785     0.0000000000000000
     0.0000000000005521     0.0000000000000000        0.2640135363381061     0.0000000000000000        0.0000000000036709     0.0000000000000000
     0.0000000000034785     0.0000000000000000        0.0000000000036709     0.0000000000000000        0.2640135363381056     0.0000000000000000
    1    2
    -0.2640135363381053     0.0000000000000000       -0.0000000000005521     0.0000000000000000       -0.0000000000034785     0.0000000000000000
    -0.0000000000005521     0.0000000000000000       -0.2640135363381061     0.0000000000000000       -0.0000000000036709     0.0000000000000000
    -0.0000000000034785     0.0000000000000000       -0.0000000000036709     0.0000000000000000       -0.2640135363381056     0.0000000000000000
    2    1
    -0.2640135363381053     0.0000000000000000       -0.0000000000005521     0.0000000000000000       -0.0000000000034785     0.0000000000000000
    -0.0000000000005521     0.0000000000000000       -0.2640135363381061     0.0000000000000000       -0.0000000000036709     0.0000000000000000
    -0.0000000000034785     0.0000000000000000       -0.0000000000036709     0.0000000000000000       -0.2640135363381056     0.0000000000000000
    2    2
     0.2640135363381053     0.0000000000000000        0.0000000000005521     0.0000000000000000        0.0000000000034785     0.0000000000000000
     0.0000000000005521     0.0000000000000000        0.2640135363381061     0.0000000000000000        0.0000000000036709     0.0000000000000000
     0.0000000000034785     0.0000000000000000        0.0000000000036709     0.0000000000000000        0.2640135363381056     0.0000000000000000

     Diagonalizing the dynamical matrix

     q = (     0.000000000000     0.000000000000     0.000000000000 )

***************************************************************************
   freq (    1) =    -0.00000003 [THz] =    -0.00000086 [cm-1]
(  -0.618456  0.000000  -0.184381  0.000000  -0.288992  0.000000 )
(  -0.618456  0.000000  -0.184381  0.000000  -0.288992  0.000000 )
   freq (    2) =     0.00000013 [THz] =     0.00000438 [cm-1]
(   0.023162  0.000000  -0.617226  0.000000   0.344231  0.000000 )
(   0.023162  0.000000  -0.617226  0.000000   0.344231  0.000000 )
   freq (    3) =     0.00000019 [THz] =     0.00000645 [cm-1]
(   0.342018  0.000000  -0.291608  0.000000  -0.545883  0.000000 )
(   0.342018  0.000000  -0.291608  0.000000  -0.545883  0.000000 )
   freq (    4) =    14.94173725 [THz] =   498.40263523 [cm-1]
(   0.331985  0.000000   0.355234  0.000000  -0.513415  0.000000 )
(  -0.331985  0.000000  -0.355234  0.000000   0.513415  0.000000 )
   freq (    5) =    14.94173725 [THz] =   498.40263523 [cm-1]
(   0.513577  0.000000  -0.486026  0.000000  -0.004194  0.000000 )
(  -0.513577  0.000000   0.486026  0.000000   0.004194  0.000000 )
   freq (    6) =    14.94173725 [THz] =   498.40263524 [cm-1]
(  -0.355000  0.000000  -0.370928  0.000000  -0.486197  0.000000 )
(   0.355000  0.000000   0.370928  0.000000   0.486197  0.000000 )
***************************************************************************
