Dynamical matrix file
File generated with the CellConstructor by Lorenzo Monacelli
1 2 0     1.8897259890000000     0.0000000000000000     0.0000000000000000     0.0000000000000000     0.0000000000000000     0.0000000000000000
Basis vectors
   -0.0000000000210435     2.7567723699365629     2.7567723699365683
    2.7567723699375728    -0.0000000000220488     2.7567723699375715
    2.7567723699528512     2.7567723699528472    -0.0000000000373246
	1  'Si '  25597.9124185021937592
    1     1     0.0000000000136687     0.0000000000129581     0.0000000000020758
    2     1     1.3783861849536767     1.3783861849538765     1.3783861849571299

     Dynamical Matrix in cartesian axes

     q = (    -0.045342880450    -0.045342880450     0.136028641350 )

    1    1
     0.2355922035734004    -0.0000000000000000        0.0064063935644927     0.0000000000000028       -0.0061697136303658     0.0076837578234996
     0.0064063935644927    -0.0000000000000028        0.2355922035733968    -0.0000000000000000       -0.0061697136301782     0.0076837578234996
    -0.0061697136303658    -0.0076837578234996       -0.0061697136301782    -0.0076837578234996        0.2856706656755834     0.0000000000000000
    1    2
    -0.0594605675289739     0.0603026008295304       -0.0361735126567327    -0.1219570844413359       -0.0366508467990640     0.0377560929875848
    -0.0361735126567327    -0.1219570844413359       -0.0594605675290008     0.0603026008295581       -0.0366508467990936     0.0377560929876794
    -0.0366517682658567     0.0377790392082845       -0.0366517682658863     0.0377790392083791       -0.0578392002568784     0.0770722249923477
    2    1
    -0.0594605675289739    -0.0603026008295304       -0.0361735126567327     0.1219570844413359       -0.0366517682658567    -0.0377790392082845
    -0.0361735126567327     0.1219570844413359       -0.0594605675290008    -0.0603026008295581       -0.0366517682658863    -0.0377790392083791
    -0.0366508467990641    -0.0377560929875848       -0.0366508467990937    -0.0377560929876794       -0.0578392002568784    -0.0770722249923477
    2    2
     0.2355979689560442    -0.0000000000000000        0.0064302583435136    -0.0000000000000028       -0.0061837827228851    -0.0076777713141393
     0.0064302583435136     0.0000000000000028        0.2355979689560403     0.0000000000000000       -0.0061837827226976    -0.0076777713141393
    -0.0061837827228851     0.0076777713141393       -0.0061837827226976     0.0076777713141393        0.2856685838004080    -0.0000000000000000

     Dynamical Matrix in cartesian axes

     q = (     0.045342880451     0.045342880452     0.136028641351 )

    1    1
     0.2355922035735630     0.0000000000000000        0.0064063935646598    -0.0000000000000028        0.0061697136373227    -0.0076837578234996
     0.0064063935646598     0.0000000000000028        0.2355922035735683     0.0000000000000000        0.0061697136375103    -0.0076837578234996
     0.0061697136373227     0.0076837578234996        0.0061697136375103     0.0076837578234996        0.2856706656759176    -0.0000000000000000
    1    2
     0.0603026034260284     0.0594605648937312       -0.1219570828621439     0.0361735179833501       -0.0377560945885373    -0.0366508451476670
    -0.1219570828621439     0.0361735179833501        0.0603026034260012     0.0594605648937046       -0.0377560945884428    -0.0366508451476375
    -0.0377790408092772    -0.0366517666134573       -0.0377790408091827    -0.0366517666134278        0.0770722275169671     0.0578391968880471
    2    1
     0.0603026034260285    -0.0594605648937312       -0.1219570828621439    -0.0361735179833501       -0.0377790408092772     0.0366517666134573
    -0.1219570828621439    -0.0361735179833501        0.0603026034260011    -0.0594605648937046       -0.0377790408091827     0.0366517666134278
    -0.0377560945885373     0.0366508451476670       -0.0377560945884428     0.0366508451476375        0.0770722275169671    -0.0578391968880471
    2    2
     0.2355979689562070    -0.0000000000000000        0.0064302583436810     0.0000000000000028        0.0061837827298424     0.0076777713141393
     0.0064302583436810    -0.0000000000000028        0.2355979689562123    -0.0000000000000000        0.0061837827300300     0.0076777713141393
     0.0061837827298424    -0.0076777713141393        0.0061837827300300    -0.0076777713141393        0.2856685838007429     0.0000000000000000

     Dynamical Matrix in cartesian axes

     q = (     0.045342880450    -0.045342880451    -0.136028641351 )

    1    1
     0.2355922035733738    -0.0000000000000000       -0.0064063935635931     0.0000000000001040       -0.0061697136304420     0.0076837578234835
    -0.0064063935635931    -0.0000000000001040        0.2355922035735415     0.0000000000000000        0.0061697136374130    -0.0076837578234835
    -0.0061697136304420    -0.0076837578234835        0.0061697136374130     0.0076837578234835        0.2856706656757550     0.0000000000000000
    1    2
    -0.0603025982312682    -0.0594605701643965       -0.1219570860231056     0.0361735073257413       -0.0377560913873467    -0.0366508484486450
    -0.1219570860231059     0.0361735073257413       -0.0603025982302457    -0.0594605701634043        0.0377560913838354     0.0366508484475466
    -0.0377790376080061    -0.0366517699164405        0.0377790376044948     0.0366517699153421       -0.0770722224633883    -0.0578392036243631
    2    1
    -0.0603025982312682     0.0594605701643965       -0.1219570860231059    -0.0361735073257413       -0.0377790376080061     0.0366517699164405
    -0.1219570860231056    -0.0361735073257413       -0.0603025982302457     0.0594605701634043        0.0377790376044948    -0.0366517699153421
    -0.0377560913873467     0.0366508484486450        0.0377560913838354    -0.0366508484475466       -0.0770722224633883     0.0578392036243631
    2    2
     0.2355979689560171     0.0000000000000000       -0.0064302583426141    -0.0000000000001040       -0.0061837827229616    -0.0076777713141232
    -0.0064302583426142     0.0000000000001040        0.2355979689561855     0.0000000000000000        0.0061837827299324     0.0076777713141232
    -0.0061837827229616     0.0076777713141232        0.0061837827299324    -0.0076777713141232        0.2856685838005799     0.0000000000000000

     Dynamical Matrix in cartesian axes

     q = (    -0.045342880451     0.045342880450    -0.136028641351 )

    1    1
     0.2355922035735363     0.0000000000000000       -0.0064063935635886    -0.0000000000001040        0.0061697136372207    -0.0076837578234835
    -0.0064063935635886     0.0000000000001040        0.2355922035733701    -0.0000000000000000       -0.0061697136302497     0.0076837578234835
     0.0061697136372207     0.0076837578234835       -0.0061697136302497    -0.0076837578234835        0.2856706656757461     0.0000000000000000
    1    2
    -0.0603025982304068    -0.0594605701632951       -0.1219570860229970     0.0361735073260424        0.0377560913839234     0.0366508484475175
    -0.1219570860229967     0.0361735073260424       -0.0603025982314297    -0.0594605701642877       -0.0377560913874348    -0.0366508484486160
     0.0377790376045828     0.0366517699153130       -0.0377790376080942    -0.0366517699164115       -0.0770722224635735    -0.0578392036242431
    2    1
    -0.0603025982304068     0.0594605701632951       -0.1219570860229967    -0.0361735073260424        0.0377790376045828    -0.0366517699153130
    -0.1219570860229970    -0.0361735073260424       -0.0603025982314297     0.0594605701642877       -0.0377790376080942     0.0366517699164115
     0.0377560913839234    -0.0366508484475175       -0.0377560913874348     0.0366508484486160       -0.0770722224635735     0.0578392036242431
    2    2
     0.2355979689561802    -0.0000000000000000       -0.0064302583426096     0.0000000000001040        0.0061837827297401     0.0076777713141232
    -0.0064302583426096    -0.0000000000001040        0.2355979689560134    -0.0000000000000000       -0.0061837827227694    -0.0076777713141232
     0.0061837827297401    -0.0076777713141232       -0.0061837827227694     0.0076777713141232        0.2856685838005709    -0.0000000000000000

     Dynamical Matrix in cartesian axes

     q = (    -0.045342880451     0.136028641350    -0.045342880450 )

    1    1
     0.2355922035735399    -0.0000000000000000       -0.0061697136332888     0.0076837578235422        0.0064063935671382     0.0000000000000454
    -0.0061697136332888    -0.0076837578235422        0.2856706656756522     0.0000000000000000       -0.0061697136302479    -0.0076837578235422
     0.0064063935671382    -0.0000000000000454       -0.0061697136302478     0.0076837578235422        0.2355922035734673    -0.0000000000000000
    1    2
    -0.0594605675304648     0.0603026008262847       -0.0366508467995539     0.0377560929861235       -0.0361735126541627    -0.1219570844417742
    -0.0366517682663471     0.0377790392068233       -0.0578392002583845     0.0770722249904941       -0.0366517682668263     0.0377790392083551
    -0.0361735126541627    -0.1219570844417741       -0.0366508468000331     0.0377560929876553       -0.0594605675308979     0.0603026008267310
    2    1
    -0.0594605675304648    -0.0603026008262847       -0.0366517682663471    -0.0377790392068233       -0.0361735126541627     0.1219570844417741
    -0.0366508467995539    -0.0377560929861235       -0.0578392002583845    -0.0770722249904941       -0.0366508468000331    -0.0377560929876552
    -0.0361735126541627     0.1219570844417742       -0.0366517682668263    -0.0377790392083551       -0.0594605675308979    -0.0603026008267310
    2    2
     0.2355979689561840     0.0000000000000000       -0.0061837827258083    -0.0076777713141818        0.0064302583461592    -0.0000000000000454
    -0.0061837827258083     0.0076777713141818        0.2856685838004770    -0.0000000000000000       -0.0061837827227674     0.0076777713141818
     0.0064302583461592     0.0000000000000454       -0.0061837827227674    -0.0076777713141818        0.2355979689561112    -0.0000000000000000

     Dynamical Matrix in cartesian axes

     q = (     0.045342880451     0.136028641351     0.045342880452 )

    1    1
     0.2355922035735656     0.0000000000000000        0.0061697136344680    -0.0076837578235422        0.0064063935672369    -0.0000000000000454
     0.0061697136344680     0.0076837578235422        0.2856706656758496    -0.0000000000000000        0.0061697136375090     0.0076837578235422
     0.0064063935672369     0.0000000000000454        0.0061697136375090    -0.0076837578235422        0.2355922035736390     0.0000000000000000
    1    2
     0.0603026034243576     0.0594605648952864       -0.0377560945890531    -0.0366508451489887       -0.1219570828617148     0.0361735179826993
    -0.0377790408097932    -0.0366517666147792        0.0770722275166684     0.0578391968894096       -0.0377790408082615    -0.0366517666143001
    -0.1219570828617149     0.0361735179826993       -0.0377560945875214    -0.0366508451485095        0.0603026034239115     0.0594605648948535
    2    1
     0.0603026034243576    -0.0594605648952864       -0.0377790408097932     0.0366517666147792       -0.1219570828617149    -0.0361735179826993
    -0.0377560945890531     0.0366508451489887        0.0770722275166684    -0.0578391968894096       -0.0377560945875214     0.0366508451485095
    -0.1219570828617148    -0.0361735179826993       -0.0377790408082615     0.0366517666143001        0.0603026034239115    -0.0594605648948535
    2    2
     0.2355979689562098    -0.0000000000000000        0.0061837827269878     0.0076777713141818        0.0064302583462581     0.0000000000000454
     0.0061837827269878    -0.0076777713141818        0.2856685838006748     0.0000000000000000        0.0061837827300287    -0.0076777713141818
     0.0064302583462581    -0.0000000000000454        0.0061837827300287     0.0076777713141818        0.2355979689562832     0.0000000000000000

     Dynamical Matrix in cartesian axes

     q = (    -0.045342880450    -0.136028641350     0.045342880449 )

    1    1
     0.2355922035733969    -0.0000000000000000        0.0061697136342977    -0.0076837578234409       -0.0064063935609431    -0.0000000000000615
     0.0061697136342977     0.0076837578234409        0.2856706656756780     0.0000000000000000       -0.0061697136301800    -0.0076837578234409
    -0.0064063935609431     0.0000000000000615       -0.0061697136301799     0.0076837578234409        0.2355922035732985     0.0000000000000000
    1    2
    -0.0603025982335667    -0.0594605701618912        0.0377560913853321     0.0366508484470822       -0.1219570860226106     0.0361735073284363
     0.0377790376059914     0.0366517699148772       -0.0770722224653438    -0.0578392036228484       -0.0377790376080654    -0.0366517699155260
    -0.1219570860226104     0.0361735073284363       -0.0377560913874061    -0.0366508484477311       -0.0603025982341709    -0.0594605701624776
    2    1
    -0.0603025982335667     0.0594605701618912        0.0377790376059914    -0.0366517699148772       -0.1219570860226104    -0.0361735073284363
     0.0377560913853321    -0.0366508484470822       -0.0770722224653438     0.0578392036228484       -0.0377560913874061     0.0366508484477311
    -0.1219570860226106    -0.0361735073284363       -0.0377790376080654     0.0366517699155260       -0.0603025982341709     0.0594605701624776
    2    2
     0.2355979689560403     0.0000000000000000        0.0061837827268170     0.0076777713140807       -0.0064302583399640     0.0000000000000614
     0.0061837827268169    -0.0076777713140807        0.2856685838005029     0.0000000000000000       -0.0061837827226994     0.0076777713140807
    -0.0064302583399640    -0.0000000000000614       -0.0061837827226994    -0.0076777713140807        0.2355979689559417    -0.0000000000000000

     Dynamical Matrix in cartesian axes

     q = (     0.045342880450    -0.136028641351    -0.045342880451 )

    1    1
     0.2355922035733711     0.0000000000000000       -0.0061697136332966     0.0076837578234409       -0.0064063935610160     0.0000000000000615
    -0.0061697136332966    -0.0076837578234409        0.2856706656758237    -0.0000000000000000        0.0061697136374143     0.0076837578234409
    -0.0064063935610160    -0.0000000000000615        0.0061697136374143    -0.0076837578234409        0.2355922035734702     0.0000000000000000
    1    2
    -0.0603025982330248    -0.0594605701627542       -0.0377560913868837    -0.0366508484472689       -0.1219570860234823     0.0361735073265681
    -0.0377790376075429    -0.0366517699150641       -0.0770722224637709    -0.0578392036228896        0.0377790376054690     0.0366517699144153
    -0.1219570860234825     0.0361735073265681        0.0377560913848097     0.0366508484466201       -0.0603025982324208    -0.0594605701621680
    2    1
    -0.0603025982330249     0.0594605701627542       -0.0377790376075429     0.0366517699150641       -0.1219570860234825    -0.0361735073265681
    -0.0377560913868837     0.0366508484472689       -0.0770722224637709     0.0578392036228896        0.0377560913848097    -0.0366508484466201
    -0.1219570860234823    -0.0361735073265681        0.0377790376054690    -0.0366517699144153       -0.0603025982324208     0.0594605701621680
    2    2
     0.2355979689560144    -0.0000000000000000       -0.0061837827258162    -0.0076777713140807       -0.0064302583400370    -0.0000000000000614
    -0.0061837827258162     0.0076777713140807        0.2856685838006490    -0.0000000000000000        0.0061837827299338    -0.0076777713140807
    -0.0064302583400370     0.0000000000000614        0.0061837827299338     0.0076777713140807        0.2355979689561138     0.0000000000000000

     Dynamical Matrix in cartesian axes

     q = (     0.136028641350    -0.045342880451    -0.045342880450 )

    1    1
     0.2856706656756558     0.0000000000000000       -0.0061697136332934    -0.0076837578235450       -0.0061697136304400    -0.0076837578235450
    -0.0061697136332934     0.0076837578235450        0.2355922035735452    -0.0000000000000000        0.0064063935673121     0.0000000000000426
    -0.0061697136304400     0.0076837578235450        0.0064063935673122    -0.0000000000000426        0.2355922035734766     0.0000000000000000
    1    2
    -0.0578392002584820     0.0770722249903731       -0.0366517682664082     0.0377790392068224       -0.0366517682668578     0.0377790392082596
    -0.0366508467996149     0.0377560929861225       -0.0594605675305886     0.0603026008261002       -0.0361735126539960    -0.1219570844418026
    -0.0366508468000645     0.0377560929875598       -0.0361735126539960    -0.1219570844418025       -0.0594605675309948     0.0603026008265185
    2    1
    -0.0578392002584820    -0.0770722249903731       -0.0366508467996149    -0.0377560929861225       -0.0366508468000645    -0.0377560929875598
    -0.0366517682664082    -0.0377790392068224       -0.0594605675305886    -0.0603026008261002       -0.0361735126539960     0.1219570844418025
    -0.0366517682668578    -0.0377790392082596       -0.0361735126539960     0.1219570844418026       -0.0594605675309948    -0.0603026008265185
    2    2
     0.2856685838004806    -0.0000000000000000       -0.0061837827258129     0.0076777713141846       -0.0061837827229596     0.0076777713141846
    -0.0061837827258129    -0.0076777713141846        0.2355979689561893    -0.0000000000000000        0.0064302583463332    -0.0000000000000426
    -0.0061837827229596    -0.0076777713141846        0.0064302583463332     0.0000000000000426        0.2355979689561203     0.0000000000000000

     Dynamical Matrix in cartesian axes

     q = (     0.136028641351     0.045342880451     0.045342880452 )

    1    1
     0.2856706656758442     0.0000000000000000        0.0061697136344679     0.0076837578235450        0.0061697136373213     0.0076837578235450
     0.0061697136344679    -0.0076837578235450        0.2355922035735711     0.0000000000000000        0.0064063935674063    -0.0000000000000426
     0.0061697136373213    -0.0076837578235450        0.0064063935674063     0.0000000000000426        0.2355922035736392     0.0000000000000000
    1    2
     0.0770722275166491     0.0578391968894983       -0.0377790408097330    -0.0366517666148362       -0.0377790408082957    -0.0366517666143866
    -0.0377560945889929    -0.0366508451490457        0.0603026034242211     0.0594605648953616       -0.1219570828616864     0.0361735179826577
    -0.0377560945875557    -0.0366508451485960       -0.1219570828616865     0.0361735179826577        0.0603026034238021     0.0594605648949553
    2    1
     0.0770722275166491    -0.0578391968894983       -0.0377560945889929     0.0366508451490457       -0.0377560945875556     0.0366508451485960
    -0.0377790408097330     0.0366517666148362        0.0603026034242211    -0.0594605648953616       -0.1219570828616865    -0.0361735179826577
    -0.0377790408082957     0.0366517666143866       -0.1219570828616864    -0.0361735179826577        0.0603026034238021    -0.0594605648949553
    2    2
     0.2856685838006694     0.0000000000000000        0.0061837827269877    -0.0076777713141846        0.0061837827298410    -0.0076777713141846
     0.0061837827269877     0.0076777713141846        0.2355979689562151     0.0000000000000000        0.0064302583464276     0.0000000000000426
     0.0061837827298410     0.0076777713141846        0.0064302583464276    -0.0000000000000426        0.2355979689562834    -0.0000000000000000

     Dynamical Matrix in cartesian axes

     q = (    -0.136028641351     0.045342880450    -0.045342880451 )

    1    1
     0.2856706656758184    -0.0000000000000000       -0.0061697136332921    -0.0076837578234381        0.0061697136372221     0.0076837578234381
    -0.0061697136332920     0.0076837578234381        0.2355922035733673    -0.0000000000000000       -0.0064063935608420     0.0000000000000587
     0.0061697136372221    -0.0076837578234381       -0.0064063935608420    -0.0000000000000587        0.2355922035734609     0.0000000000000000
    1    2
    -0.0770722224638080    -0.0578392036229030       -0.0377790376074910    -0.0366517699150576        0.0377790376055114     0.0366517699144382
    -0.0377560913868318    -0.0366508484472624       -0.0603025982331239    -0.0594605701627178       -0.1219570860235065     0.0361735073265588
     0.0377560913848521     0.0366508484466430       -0.1219570860235067     0.0361735073265588       -0.0603025982325474    -0.0594605701621581
    2    1
    -0.0770722224638080     0.0578392036229030       -0.0377560913868317     0.0366508484472624        0.0377560913848521    -0.0366508484466430
    -0.0377790376074910     0.0366517699150576       -0.0603025982331239     0.0594605701627178       -0.1219570860235067    -0.0361735073265588
     0.0377790376055114    -0.0366517699144382       -0.1219570860235065    -0.0361735073265588       -0.0603025982325474     0.0594605701621581
    2    2
     0.2856685838006436    -0.0000000000000000       -0.0061837827258117     0.0076777713140779        0.0061837827297415    -0.0076777713140779
    -0.0061837827258116    -0.0076777713140779        0.2355979689560106     0.0000000000000000       -0.0064302583398631    -0.0000000000000586
     0.0061837827297415     0.0076777713140779       -0.0064302583398631     0.0000000000000586        0.2355979689561045     0.0000000000000000

     Dynamical Matrix in cartesian axes

     q = (    -0.136028641350    -0.045342880450     0.045342880449 )

    1    1
     0.2856706656756817     0.0000000000000000        0.0061697136342977     0.0076837578234381       -0.0061697136303677    -0.0076837578234381
     0.0061697136342977    -0.0076837578234381        0.2355922035733931     0.0000000000000000       -0.0064063935607736    -0.0000000000000587
    -0.0061697136303677     0.0076837578234381       -0.0064063935607736     0.0000000000000587        0.2355922035732983    -0.0000000000000000
    1    2
    -0.0770722224654462    -0.0578392036226481        0.0377790376061045     0.0366517699147657       -0.0377790376080840    -0.0366517699153848
     0.0377560913854452     0.0366508484469708       -0.0603025982337894    -0.0594605701617294       -0.1219570860225871     0.0361735073286541
    -0.0377560913874247    -0.0366508484475900       -0.1219570860225869     0.0361735073286541       -0.0603025982343661    -0.0594605701622888
    2    1
    -0.0770722224654462     0.0578392036226481        0.0377560913854452    -0.0366508484469708       -0.0377560913874247     0.0366508484475900
     0.0377790376061045    -0.0366517699147657       -0.0603025982337894     0.0594605701617294       -0.1219570860225869    -0.0361735073286541
    -0.0377790376080840     0.0366517699153848       -0.1219570860225871    -0.0361735073286541       -0.0603025982343661     0.0594605701622888
    2    2
     0.2856685838005066     0.0000000000000000        0.0061837827268170    -0.0076777713140779       -0.0061837827228871     0.0076777713140779
     0.0061837827268170     0.0076777713140779        0.2355979689560365    -0.0000000000000000       -0.0064302583397945     0.0000000000000586
    -0.0061837827228871    -0.0076777713140779       -0.0064302583397945    -0.0000000000000586        0.2355979689559415    -0.0000000000000000

     Dynamical Matrix in cartesian axes

     q = (     0.045342880450     0.045342880450    -0.136028641350 )

    1    1
     0.2355922035734004     0.0000000000000000        0.0064063935644927    -0.0000000000000028       -0.0061697136303658    -0.0076837578234996
     0.0064063935644927     0.0000000000000028        0.2355922035733968     0.0000000000000000       -0.0061697136301782    -0.0076837578234996
    -0.0061697136303658     0.0076837578234996       -0.0061697136301782     0.0076837578234996        0.2856706656755834    -0.0000000000000000
    1    2
    -0.0594605675289739    -0.0603026008295304       -0.0361735126567327     0.1219570844413359       -0.0366508467990640    -0.0377560929875848
    -0.0361735126567327     0.1219570844413359       -0.0594605675290008    -0.0603026008295581       -0.0366508467990936    -0.0377560929876794
    -0.0366517682658567    -0.0377790392082845       -0.0366517682658863    -0.0377790392083791       -0.0578392002568784    -0.0770722249923477
    2    1
    -0.0594605675289739     0.0603026008295304       -0.0361735126567327    -0.1219570844413359       -0.0366517682658567     0.0377790392082845
    -0.0361735126567327    -0.1219570844413359       -0.0594605675290008     0.0603026008295581       -0.0366517682658863     0.0377790392083791
    -0.0366508467990641     0.0377560929875848       -0.0366508467990937     0.0377560929876794       -0.0578392002568784     0.0770722249923477
    2    2
     0.2355979689560442     0.0000000000000000        0.0064302583435136     0.0000000000000028       -0.0061837827228851     0.0076777713141393
     0.0064302583435136    -0.0000000000000028        0.2355979689560403    -0.0000000000000000       -0.0061837827226976     0.0076777713141393
    -0.0061837827228851    -0.0076777713141393       -0.0061837827226976    -0.0076777713141393        0.2856685838004080     0.0000000000000000

     Dynamical Matrix in cartesian axes

     q = (    -0.045342880451    -0.045342880452    -0.136028641351 )

    1    1
     0.2355922035735630    -0.0000000000000000        0.0064063935646598     0.0000000000000028        0.0061697136373227     0.0076837578234996
     0.0064063935646598    -0.0000000000000028        0.2355922035735683    -0.0000000000000000        0.0061697136375103     0.0076837578234996
     0.0061697136373227    -0.0076837578234996        0.0061697136375103    -0.0076837578234996        0.2856706656759176     0.0000000000000000
    1    2
     0.0603026034260284    -0.0594605648937312       -0.1219570828621439    -0.0361735179833501       -0.0377560945885373     0.0366508451476670
    -0.1219570828621439    -0.0361735179833501        0.0603026034260012    -0.0594605648937046       -0.0377560945884428     0.0366508451476375
    -0.0377790408092772     0.0366517666134573       -0.0377790408091827     0.0366517666134278        0.0770722275169671    -0.0578391968880471
    2    1
     0.0603026034260285     0.0594605648937312       -0.1219570828621439     0.0361735179833501       -0.0377790408092772    -0.0366517666134573
    -0.1219570828621439     0.0361735179833501        0.0603026034260011     0.0594605648937046       -0.0377790408091827    -0.0366517666134278
    -0.0377560945885373    -0.0366508451476670       -0.0377560945884428    -0.0366508451476375        0.0770722275169671     0.0578391968880471
    2    2
     0.2355979689562070     0.0000000000000000        0.0064302583436810    -0.0000000000000028        0.0061837827298424    -0.0076777713141393
     0.0064302583436810     0.0000000000000028        0.2355979689562123     0.0000000000000000        0.0061837827300300    -0.0076777713141393
     0.0061837827298424     0.0076777713141393        0.0061837827300300     0.0076777713141393        0.2856685838007429    -0.0000000000000000

     Dynamical Matrix in cartesian axes

     q = (    -0.045342880450     0.045342880451     0.136028641351 )

    1    1
     0.2355922035733738     0.0000000000000000       -0.0064063935635931    -0.0000000000001040       -0.0061697136304420    -0.0076837578234835
    -0.0064063935635931     0.0000000000001040        0.2355922035735415    -0.0000000000000000        0.0061697136374130     0.0076837578234835
    -0.0061697136304420     0.0076837578234835        0.0061697136374130    -0.0076837578234835        0.2856706656757550    -0.0000000000000000
    1    2
    -0.0603025982312682     0.0594605701643965       -0.1219570860231056    -0.0361735073257413       -0.0377560913873467     0.0366508484486450
    -0.1219570860231059    -0.0361735073257413       -0.0603025982302457     0.0594605701634043        0.0377560913838354    -0.0366508484475466
    -0.0377790376080061     0.0366517699164405        0.0377790376044948    -0.0366517699153421       -0.0770722224633883     0.0578392036243631
    2    1
    -0.0603025982312682    -0.0594605701643965       -0.1219570860231059     0.0361735073257413       -0.0377790376080061    -0.0366517699164405
    -0.1219570860231056     0.0361735073257413       -0.0603025982302457    -0.0594605701634043        0.0377790376044948     0.0366517699153421
    -0.0377560913873467    -0.0366508484486450        0.0377560913838354     0.0366508484475466       -0.0770722224633883    -0.0578392036243631
    2    2
     0.2355979689560171    -0.0000000000000000       -0.0064302583426141     0.0000000000001040       -0.0061837827229616     0.0076777713141232
    -0.0064302583426142    -0.0000000000001040        0.2355979689561855    -0.0000000000000000        0.0061837827299324    -0.0076777713141232
    -0.0061837827229616    -0.0076777713141232        0.0061837827299324     0.0076777713141232        0.2856685838005799    -0.0000000000000000

     Dynamical Matrix in cartesian axes

     q = (     0.045342880451    -0.045342880450     0.136028641351 )

    1    1
     0.2355922035735363    -0.0000000000000000       -0.0064063935635886     0.0000000000001040        0.0061697136372207     0.0076837578234835
    -0.0064063935635886    -0.0000000000001040        0.2355922035733701     0.0000000000000000       -0.0061697136302497    -0.0076837578234835
     0.0061697136372207    -0.0076837578234835       -0.0061697136302497     0.0076837578234835        0.2856706656757461    -0.0000000000000000
    1    2
    -0.0603025982304068     0.0594605701632951       -0.1219570860229970    -0.0361735073260424        0.0377560913839234    -0.0366508484475175
    -0.1219570860229967    -0.0361735073260424       -0.0603025982314297     0.0594605701642877       -0.0377560913874348     0.0366508484486160
     0.0377790376045828    -0.0366517699153130       -0.0377790376080942     0.0366517699164115       -0.0770722224635735     0.0578392036242431
    2    1
    -0.0603025982304068    -0.0594605701632951       -0.1219570860229967     0.0361735073260424        0.0377790376045828     0.0366517699153130
    -0.1219570860229970     0.0361735073260424       -0.0603025982314297    -0.0594605701642877       -0.0377790376080942    -0.0366517699164115
     0.0377560913839234     0.0366508484475175       -0.0377560913874348    -0.0366508484486160       -0.0770722224635735    -0.0578392036242431
    2    2
     0.2355979689561802     0.0000000000000000       -0.0064302583426096    -0.0000000000001040        0.0061837827297401    -0.0076777713141232
    -0.0064302583426096     0.0000000000001040        0.2355979689560134     0.0000000000000000       -0.0061837827227694     0.0076777713141232
     0.0061837827297401     0.0076777713141232       -0.0061837827227694    -0.0076777713141232        0.2856685838005709     0.0000000000000000

     Dynamical Matrix in cartesian axes

     q = (     0.045342880451    -0.136028641350     0.045342880450 )

    1    1
     0.2355922035735399     0.0000000000000000       -0.0061697136332888    -0.0076837578235422        0.0064063935671382    -0.0000000000000454
    -0.0061697136332888     0.0076837578235422        0.2856706656756522    -0.0000000000000000       -0.0061697136302479     0.0076837578235422
     0.0064063935671382     0.0000000000000454       -0.0061697136302478    -0.0076837578235422        0.2355922035734673     0.0000000000000000
    1    2
    -0.0594605675304648    -0.0603026008262847       -0.0366508467995539    -0.0377560929861235       -0.0361735126541627     0.1219570844417742
    -0.0366517682663471    -0.0377790392068233       -0.0578392002583845    -0.0770722249904941       -0.0366517682668263    -0.0377790392083551
    -0.0361735126541627     0.1219570844417741       -0.0366508468000331    -0.0377560929876553       -0.0594605675308979    -0.0603026008267310
    2    1
    -0.0594605675304648     0.0603026008262847       -0.0366517682663471     0.0377790392068233       -0.0361735126541627    -0.1219570844417741
    -0.0366508467995539     0.0377560929861235       -0.0578392002583845     0.0770722249904941       -0.0366508468000331     0.0377560929876552
    -0.0361735126541627    -0.1219570844417742       -0.0366517682668263     0.0377790392083551       -0.0594605675308979     0.0603026008267310
    2    2
     0.2355979689561840    -0.0000000000000000       -0.0061837827258083     0.0076777713141818        0.0064302583461592     0.0000000000000454
    -0.0061837827258083    -0.0076777713141818        0.2856685838004770     0.0000000000000000       -0.0061837827227674    -0.0076777713141818
     0.0064302583461592    -0.0000000000000454       -0.0061837827227674     0.0076777713141818        0.2355979689561112     0.0000000000000000

     Dynamical Matrix in cartesian axes

     q = (    -0.045342880451    -0.136028641351    -0.045342880452 )

    1    1
     0.2355922035735656    -0.0000000000000000        0.0061697136344680     0.0076837578235422        0.0064063935672369     0.0000000000000454
     0.0061697136344680    -0.0076837578235422        0.2856706656758496     0.0000000000000000        0.0061697136375090    -0.0076837578235422
     0.0064063935672369    -0.0000000000000454        0.0061697136375090     0.0076837578235422        0.2355922035736390    -0.0000000000000000
    1    2
     0.0603026034243576    -0.0594605648952864       -0.0377560945890531     0.0366508451489887       -0.1219570828617148    -0.0361735179826993
    -0.0377790408097932     0.0366517666147792        0.0770722275166684    -0.0578391968894096       -0.0377790408082615     0.0366517666143001
    -0.1219570828617149    -0.0361735179826993       -0.0377560945875214     0.0366508451485095        0.0603026034239115    -0.0594605648948535
    2    1
     0.0603026034243576     0.0594605648952864       -0.0377790408097932    -0.0366517666147792       -0.1219570828617149     0.0361735179826993
    -0.0377560945890531    -0.0366508451489887        0.0770722275166684     0.0578391968894096       -0.0377560945875214    -0.0366508451485095
    -0.1219570828617148     0.0361735179826993       -0.0377790408082615    -0.0366517666143001        0.0603026034239115     0.0594605648948535
    2    2
     0.2355979689562098     0.0000000000000000        0.0061837827269878    -0.0076777713141818        0.0064302583462581    -0.0000000000000454
     0.0061837827269878     0.0076777713141818        0.2856685838006748    -0.0000000000000000        0.0061837827300287     0.0076777713141818
     0.0064302583462581     0.0000000000000454        0.0061837827300287    -0.0076777713141818        0.2355979689562832    -0.0000000000000000

     Dynamical Matrix in cartesian axes

     q = (     0.045342880450     0.136028641350    -0.045342880449 )

    1    1
     0.2355922035733969     0.0000000000000000        0.0061697136342977     0.0076837578234409       -0.0064063935609431     0.0000000000000615
     0.0061697136342977    -0.0076837578234409        0.2856706656756780    -0.0000000000000000       -0.0061697136301800     0.0076837578234409
    -0.0064063935609431    -0.0000000000000615       -0.0061697136301799    -0.0076837578234409        0.2355922035732985    -0.0000000000000000
    1    2
    -0.0603025982335667     0.0594605701618912        0.0377560913853321    -0.0366508484470822       -0.1219570860226106    -0.0361735073284363
     0.0377790376059914    -0.0366517699148772       -0.0770722224653438     0.0578392036228484       -0.0377790376080654     0.0366517699155260
    -0.1219570860226104    -0.0361735073284363       -0.0377560913874061     0.0366508484477311       -0.0603025982341709     0.0594605701624776
    2    1
    -0.0603025982335667    -0.0594605701618912        0.0377790376059914     0.0366517699148772       -0.1219570860226104     0.0361735073284363
     0.0377560913853321     0.0366508484470822       -0.0770722224653438    -0.0578392036228484       -0.0377560913874061    -0.0366508484477311
    -0.1219570860226106     0.0361735073284363       -0.0377790376080654    -0.0366517699155260       -0.0603025982341709    -0.0594605701624776
    2    2
     0.2355979689560403    -0.0000000000000000        0.0061837827268170    -0.0076777713140807       -0.0064302583399640    -0.0000000000000614
     0.0061837827268169     0.0076777713140807        0.2856685838005029    -0.0000000000000000       -0.0061837827226994    -0.0076777713140807
    -0.0064302583399640     0.0000000000000614       -0.0061837827226994     0.0076777713140807        0.2355979689559417     0.0000000000000000

     Dynamical Matrix in cartesian axes

     q = (    -0.045342880450     0.136028641351     0.045342880451 )

    1    1
     0.2355922035733711    -0.0000000000000000       -0.0061697136332966    -0.0076837578234409       -0.0064063935610160    -0.0000000000000615
    -0.0061697136332966     0.0076837578234409        0.2856706656758237     0.0000000000000000        0.0061697136374143    -0.0076837578234409
    -0.0064063935610160     0.0000000000000615        0.0061697136374143     0.0076837578234409        0.2355922035734702    -0.0000000000000000
    1    2
    -0.0603025982330248     0.0594605701627542       -0.0377560913868837     0.0366508484472689       -0.1219570860234823    -0.0361735073265681
    -0.0377790376075429     0.0366517699150641       -0.0770722224637709     0.0578392036228896        0.0377790376054690    -0.0366517699144153
    -0.1219570860234825    -0.0361735073265681        0.0377560913848097    -0.0366508484466201       -0.0603025982324208     0.0594605701621680
    2    1
    -0.0603025982330249    -0.0594605701627542       -0.0377790376075429    -0.0366517699150641       -0.1219570860234825     0.0361735073265681
    -0.0377560913868837    -0.0366508484472689       -0.0770722224637709    -0.0578392036228896        0.0377560913848097     0.0366508484466201
    -0.1219570860234823     0.0361735073265681        0.0377790376054690     0.0366517699144153       -0.0603025982324208    -0.0594605701621680
    2    2
     0.2355979689560144     0.0000000000000000       -0.0061837827258162     0.0076777713140807       -0.0064302583400370     0.0000000000000614
    -0.0061837827258162    -0.0076777713140807        0.2856685838006490     0.0000000000000000        0.0061837827299338     0.0076777713140807
    -0.0064302583400370    -0.0000000000000614        0.0061837827299338    -0.0076777713140807        0.2355979689561138    -0.0000000000000000

     Dynamical Matrix in cartesian axes

     q = (    -0.136028641350     0.045342880451     0.045342880450 )

    1    1
     0.2856706656756558    -0.0000000000000000       -0.0061697136332934     0.0076837578235450       -0.0061697136304400     0.0076837578235450
    -0.0061697136332934    -0.0076837578235450        0.2355922035735452     0.0000000000000000        0.0064063935673121    -0.0000000000000426
    -0.0061697136304400    -0.0076837578235450        0.0064063935673122     0.0000000000000426        0.2355922035734766    -0.0000000000000000
    1    2
    -0.0578392002584820    -0.0770722249903731       -0.0366517682664082    -0.0377790392068224       -0.0366517682668578    -0.0377790392082596
    -0.0366508467996149    -0.0377560929861225       -0.0594605675305886    -0.0603026008261002       -0.0361735126539960     0.1219570844418026
    -0.0366508468000645    -0.0377560929875598       -0.0361735126539960     0.1219570844418025       -0.0594605675309948    -0.0603026008265185
    2    1
    -0.0578392002584820     0.0770722249903731       -0.0366508467996149     0.0377560929861225       -0.0366508468000645     0.0377560929875598
    -0.0366517682664082     0.0377790392068224       -0.0594605675305886     0.0603026008261002       -0.0361735126539960    -0.1219570844418025
    -0.0366517682668578     0.0377790392082596       -0.0361735126539960    -0.1219570844418026       -0.0594605675309948     0.0603026008265185
    2    2
     0.2856685838004806     0.0000000000000000       -0.0061837827258129    -0.0076777713141846       -0.0061837827229596    -0.0076777713141846
    -0.0061837827258129     0.0076777713141846        0.2355979689561893     0.0000000000000000        0.0064302583463332     0.0000000000000426
    -0.0061837827229596     0.0076777713141846        0.0064302583463332    -0.0000000000000426        0.2355979689561203    -0.0000000000000000

     Dynamical Matrix in cartesian axes

     q = (    -0.136028641351    -0.045342880451    -0.045342880452 )

    1    1
     0.2856706656758442    -0.0000000000000000        0.0061697136344679    -0.0076837578235450        0.0061697136373213    -0.0076837578235450
     0.0061697136344679     0.0076837578235450        0.2355922035735711    -0.0000000000000000        0.0064063935674063     0.0000000000000426
     0.0061697136373213     0.0076837578235450        0.0064063935674063    -0.0000000000000426        0.2355922035736392    -0.0000000000000000
    1    2
     0.0770722275166491    -0.0578391968894983       -0.0377790408097330     0.0366517666148362       -0.0377790408082957     0.0366517666143866
    -0.0377560945889929     0.0366508451490457        0.0603026034242211    -0.0594605648953616       -0.1219570828616864    -0.0361735179826577
    -0.0377560945875557     0.0366508451485960       -0.1219570828616865    -0.0361735179826577        0.0603026034238021    -0.0594605648949553
    2    1
     0.0770722275166491     0.0578391968894983       -0.0377560945889929    -0.0366508451490457       -0.0377560945875556    -0.0366508451485960
    -0.0377790408097330    -0.0366517666148362        0.0603026034242211     0.0594605648953616       -0.1219570828616865     0.0361735179826577
    -0.0377790408082957    -0.0366517666143866       -0.1219570828616864     0.0361735179826577        0.0603026034238021     0.0594605648949553
    2    2
     0.2856685838006694    -0.0000000000000000        0.0061837827269877     0.0076777713141846        0.0061837827298410     0.0076777713141846
     0.0061837827269877    -0.0076777713141846        0.2355979689562151    -0.0000000000000000        0.0064302583464276    -0.0000000000000426
     0.0061837827298410    -0.0076777713141846        0.0064302583464276     0.0000000000000426        0.2355979689562834     0.0000000000000000

     Dynamical Matrix in cartesian axes

     q = (     0.136028641351    -0.045342880450     0.045342880451 )

    1    1
     0.2856706656758184     0.0000000000000000       -0.0061697136332921     0.0076837578234381        0.0061697136372221    -0.0076837578234381
    -0.0061697136332920    -0.0076837578234381        0.2355922035733673     0.0000000000000000       -0.0064063935608420    -0.0000000000000587
     0.0061697136372221     0.0076837578234381       -0.0064063935608420     0.0000000000000587        0.2355922035734609    -0.0000000000000000
    1    2
    -0.0770722224638080     0.0578392036229030       -0.0377790376074910     0.0366517699150576        0.0377790376055114    -0.0366517699144382
    -0.0377560913868318     0.0366508484472624       -0.0603025982331239     0.0594605701627178       -0.1219570860235065    -0.0361735073265588
     0.0377560913848521    -0.0366508484466430       -0.1219570860235067    -0.0361735073265588       -0.0603025982325474     0.0594605701621581
    2    1
    -0.0770722224638080    -0.0578392036229030       -0.0377560913868317    -0.0366508484472624        0.0377560913848521     0.0366508484466430
    -0.0377790376074910    -0.0366517699150576       -0.0603025982331239    -0.0594605701627178       -0.1219570860235067     0.0361735073265588
     0.0377790376055114     0.0366517699144382       -0.1219570860235065     0.0361735073265588       -0.0603025982325474    -0.0594605701621581
    2    2
     0.2856685838006436     0.0000000000000000       -0.0061837827258117    -0.0076777713140779        0.0061837827297415     0.0076777713140779
    -0.0061837827258116     0.0076777713140779        0.2355979689560106    -0.0000000000000000       -0.0064302583398631     0.0000000000000586
     0.0061837827297415    -0.0076777713140779       -0.0064302583398631    -0.0000000000000586        0.2355979689561045    -0.0000000000000000

     Dynamical Matrix in cartesian axes

     q = (     0.136028641350     0.045342880450    -0.045342880449 )

    1    1
     0.2856706656756817    -0.0000000000000000        0.0061697136342977    -0.0076837578234381       -0.0061697136303677     0.0076837578234381
     0.0061697136342977     0.0076837578234381        0.2355922035733931    -0.0000000000000000       -0.0064063935607736     0.0000000000000587
    -0.0061697136303677    -0.0076837578234381       -0.0064063935607736    -0.0000000000000587        0.2355922035732983     0.0000000000000000
    1    2
    -0.0770722224654462     0.0578392036226481        0.0377790376061045    -0.0366517699147657       -0.0377790376080840     0.0366517699153848
     0.0377560913854452    -0.0366508484469708       -0.0603025982337894     0.0594605701617294       -0.1219570860225871    -0.0361735073286541
    -0.0377560913874247     0.0366508484475900       -0.1219570860225869    -0.0361735073286541       -0.0603025982343661     0.0594605701622888
    2    1
    -0.0770722224654462    -0.0578392036226481        0.0377560913854452     0.0366508484469708       -0.0377560913874247    -0.0366508484475900
     0.0377790376061045     0.0366517699147657       -0.0603025982337894    -0.0594605701617294       -0.1219570860225869     0.0361735073286541
    -0.0377790376080840    -0.0366517699153848       -0.1219570860225871     0.0361735073286541       -0.0603025982343661    -0.0594605701622888
    2    2
     0.2856685838005066    -0.0000000000000000        0.0061837827268170     0.0076777713140779       -0.0061837827228871    -0.0076777713140779
     0.0061837827268170    -0.0076777713140779        0.2355979689560365     0.0000000000000000       -0.0064302583397945    -0.0000000000000586
    -0.0061837827228871     0.0076777713140779       -0.0064302583397945     0.0000000000000586        0.2355979689559415     0.0000000000000000

     Diagonalizing the dynamical matrix

     q = (    -0.045342880450    -0.045342880450     0.136028641350 )

***************************************************************************
   freq (    1) =     4.38298795 [THz] =   146.20072012 [cm-1]
(  -0.499988  0.000000   0.499988 -0.000000  -0.000000 -0.000000 )
(  -0.063371 -0.495980   0.063371  0.495980  -0.000000 -0.000000 )
   freq (    2) =     6.07612324 [THz] =   202.67762613 [cm-1]
(   0.419082  0.000000   0.419082 -0.000000   0.283996 -0.260918 )
(   0.396497 -0.135761   0.396497 -0.135761   0.353285  0.154652 )
   freq (    3) =     9.25135621 [THz] =   308.59198208 [cm-1]
(  -0.315364  0.000000  -0.315364 -0.000000   0.253332 -0.486898 )
(   0.071696  0.306926   0.071696  0.306926   0.416392 -0.357455 )
   freq (    4) =    11.77161124 [THz] =   392.65862894 [cm-1]
(  -0.342962  0.000000  -0.342962  0.000000   0.443198 -0.261058 )
(   0.135292 -0.315253   0.135292 -0.315253  -0.414733  0.304629 )
   freq (    5) =    13.21310725 [THz] =   440.74175337 [cm-1]
(   0.500012  0.000000  -0.500012  0.000000   0.000000 -0.000000 )
(  -0.063368 -0.495956   0.063368  0.495956  -0.000000 -0.000000 )
   freq (    6) =    13.60670436 [THz] =   453.87073787 [cm-1]
(  -0.327556  0.000000  -0.327556  0.000000  -0.344596  0.408288 )
(   0.296603 -0.139117   0.296603 -0.139117   0.485344  0.223059 )
***************************************************************************
