Dynamical matrix file
File generated with the CellConstructor by Lorenzo Monacelli
1 2 0     1.8897259890000000     0.0000000000000000     0.0000000000000000     0.0000000000000000     0.0000000000000000     0.0000000000000000
Basis vectors
   -0.0000000000210435     2.7567723699365629     2.7567723699365683
    2.7567723699375728    -0.0000000000220488     2.7567723699375715
    2.7567723699528512     2.7567723699528472    -0.0000000000373246
	1  'Si '  25597.9124185021937592
    1     1     0.0000000000136687     0.0000000000129581     0.0000000000020758
    2     1     1.3783861849536767     1.3783861849538765     1.3783861849571299

     Dynamical Matrix in cartesian axes

     q = (     0.000000000001    -0.090685760899     0.181371521801 )

    1    1
     0.2588868605937660     0.0000000000000000        0.0000000000005059     0.0000000000001099        0.0000000000034109     0.0158138105783123
     0.0000000000005059    -0.0000000000001099        0.2249537185532533     0.0000000000000000        0.0000000000033637     0.0000000000000165
     0.0000000000034109    -0.0158138105783123        0.0000000000033637    -0.0000000000000165        0.2588868605937663    -0.0000000000000000
    1    2
    -0.0000000000001616    -0.0000000000001616       -0.0772666382887744    -0.0772666349110503       -0.0000000000006180    -0.0000000000004564
    -0.0772834824823808    -0.0772834791039203       -0.0000000000012360     0.0000000000009128       -0.0772834791049386     0.0772834824813626
    -0.0000000000006181    -0.0000000000004565       -0.0772666349120684     0.0772666382877565       -0.0000000000010745     0.0000000000010745
    2    1
    -0.0000000000001616     0.0000000000001616       -0.0772834824823808     0.0772834791039203       -0.0000000000006181     0.0000000000004565
    -0.0772666382887744     0.0772666349110503       -0.0000000000012360    -0.0000000000009128       -0.0772666349120684    -0.0772666382877564
    -0.0000000000006180     0.0000000000004564       -0.0772834791049386    -0.0772834824813626       -0.0000000000010745    -0.0000000000010745
    2    2
     0.2589369947326824    -0.0000000000000000        0.0000000000005059    -0.0000000000001097        0.0000000000034116    -0.0157808621300419
     0.0000000000005059     0.0000000000001097        0.2249324559271525     0.0000000000000000        0.0000000000033639    -0.0000000000000165
     0.0000000000034116     0.0157808621300419        0.0000000000033639     0.0000000000000165        0.2589369947326828    -0.0000000000000000

     Dynamical Matrix in cartesian axes

     q = (     0.000000000001     0.090685760902     0.181371521802 )

    1    1
     0.2588868605937660    -0.0000000000000000        0.0000000000005059    -0.0000000000001099        0.0000000000034109    -0.0158138105783123
     0.0000000000005059     0.0000000000001099        0.2249537185532533    -0.0000000000000000        0.0000000000033637    -0.0000000000000165
     0.0000000000034109     0.0158138105783123        0.0000000000033637     0.0000000000000165        0.2588868605937663     0.0000000000000000
    1    2
    -0.0000000000001616     0.0000000000001616       -0.0772666315375755     0.0772666416622487       -0.0000000000006180     0.0000000000004564
    -0.0772834757297101     0.0772834858565905       -0.0000000000012360    -0.0000000000009128       -0.0772834858576088    -0.0772834757286920
    -0.0000000000006181     0.0000000000004565       -0.0772666416632668    -0.0772666315365576       -0.0000000000010745    -0.0000000000010745
    2    1
    -0.0000000000001616    -0.0000000000001616       -0.0772834757297101    -0.0772834858565905       -0.0000000000006181    -0.0000000000004565
    -0.0772666315375755    -0.0772666416622487       -0.0000000000012360     0.0000000000009128       -0.0772666416632668     0.0772666315365575
    -0.0000000000006180    -0.0000000000004564       -0.0772834858576088     0.0772834757286920       -0.0000000000010745     0.0000000000010745
    2    2
     0.2589369947326824     0.0000000000000000        0.0000000000005059     0.0000000000001097        0.0000000000034116     0.0157808621300419
     0.0000000000005059    -0.0000000000001097        0.2249324559271525    -0.0000000000000000        0.0000000000033639     0.0000000000000165
     0.0000000000034116    -0.0157808621300419        0.0000000000033639    -0.0000000000000165        0.2589369947326828     0.0000000000000000

     Dynamical Matrix in cartesian axes

     q = (    -0.090685760900     0.181371521801     0.000000000001 )

    1    1
     0.2249537185532526    -0.0000000000000000        0.0000000000005059     0.0000000000001042        0.0000000000031874    -0.0000000000000165
     0.0000000000005059    -0.0000000000001042        0.2588868605937668     0.0000000000000000        0.0000000000035996    -0.0158138105783123
     0.0000000000031874     0.0000000000000165        0.0000000000035996     0.0158138105783123        0.2588868605937663     0.0000000000000000
    1    2
    -0.0000000000011797    -0.0000000000008565       -0.0772834791055435     0.0772834824807576       -0.0772834824818321    -0.0772834791044689
    -0.0772666349126731     0.0772666382871516       -0.0000000000001616     0.0000000000001616       -0.0000000000005898     0.0000000000004282
    -0.0772666382882258    -0.0772666349115987       -0.0000000000005899     0.0000000000004283       -0.0000000000010181    -0.0000000000010181
    2    1
    -0.0000000000011797     0.0000000000008565       -0.0772666349126731    -0.0772666382871516       -0.0772666382882258     0.0772666349115987
    -0.0772834791055435    -0.0772834824807576       -0.0000000000001616    -0.0000000000001616       -0.0000000000005899    -0.0000000000004283
    -0.0772834824818321     0.0772834791044689       -0.0000000000005898    -0.0000000000004282       -0.0000000000010181     0.0000000000010181
    2    2
     0.2249324559271519     0.0000000000000000        0.0000000000005059    -0.0000000000001040        0.0000000000031876     0.0000000000000165
     0.0000000000005060     0.0000000000001040        0.2589369947326833     0.0000000000000000        0.0000000000036003     0.0157808621300419
     0.0000000000031876    -0.0000000000000165        0.0000000000036003    -0.0157808621300419        0.2589369947326828    -0.0000000000000000

     Dynamical Matrix in cartesian axes

     q = (     0.090685760901     0.181371521801     0.000000000002 )

    1    1
     0.2249537185532526     0.0000000000000000        0.0000000000005059    -0.0000000000001042        0.0000000000031874     0.0000000000000165
     0.0000000000005059     0.0000000000001042        0.2588868605937668    -0.0000000000000000        0.0000000000035996     0.0158138105783123
     0.0000000000031874    -0.0000000000000165        0.0000000000035996    -0.0158138105783123        0.2588868605937663    -0.0000000000000000
    1    2
    -0.0000000000011797     0.0000000000008565       -0.0772834858569354    -0.0772834757293653       -0.0772834757304398     0.0772834858558607
    -0.0772666416625935    -0.0772666315372307       -0.0000000000001616    -0.0000000000001616       -0.0000000000005898    -0.0000000000004282
    -0.0772666315383050     0.0772666416615191       -0.0000000000005899    -0.0000000000004283       -0.0000000000010181     0.0000000000010181
    2    1
    -0.0000000000011797    -0.0000000000008565       -0.0772666416625935     0.0772666315372307       -0.0772666315383050    -0.0772666416615191
    -0.0772834858569354     0.0772834757293653       -0.0000000000001616     0.0000000000001616       -0.0000000000005899     0.0000000000004283
    -0.0772834757304398    -0.0772834858558607       -0.0000000000005898     0.0000000000004282       -0.0000000000010181    -0.0000000000010182
    2    2
     0.2249324559271519     0.0000000000000000        0.0000000000005060     0.0000000000001040        0.0000000000031876    -0.0000000000000165
     0.0000000000005060    -0.0000000000001040        0.2589369947326832    -0.0000000000000000        0.0000000000036003    -0.0157808621300419
     0.0000000000031876     0.0000000000000165        0.0000000000036003     0.0157808621300419        0.2589369947326828     0.0000000000000000

     Dynamical Matrix in cartesian axes

     q = (     0.181371521801    -0.000000000001    -0.090685760899 )

    1    1
     0.2588868605937660     0.0000000000000000        0.0000000000005414    -0.0158138105783123        0.0000000000031874    -0.0000000000001099
     0.0000000000005414     0.0158138105783123        0.2588868605937667     0.0000000000000000        0.0000000000033637     0.0000000000001042
     0.0000000000031874     0.0000000000001099        0.0000000000033637    -0.0000000000001042        0.2249537185532529    -0.0000000000000000
    1    2
    -0.0000000000010181     0.0000000000010181       -0.0000000000010462     0.0000000000000280       -0.0772666349132791     0.0772666382865455
    -0.0000000000010463     0.0000000000000282       -0.0000000000010744    -0.0000000000010744       -0.0772666382867072    -0.0772666349131177
    -0.0772834791061496     0.0772834824801513       -0.0772834824803131    -0.0772834791059882       -0.0000000000020927    -0.0000000000000564
    2    1
    -0.0000000000010181    -0.0000000000010181       -0.0000000000010463    -0.0000000000000282       -0.0772834791061497    -0.0772834824801514
    -0.0000000000010462    -0.0000000000000280       -0.0000000000010744     0.0000000000010744       -0.0772834824803131     0.0772834791059882
    -0.0772666349132791    -0.0772666382865455       -0.0772666382867072     0.0772666349131177       -0.0000000000020927     0.0000000000000564
    2    2
     0.2589369947326824    -0.0000000000000000        0.0000000000005415     0.0157808621300419        0.0000000000031876     0.0000000000001097
     0.0000000000005415    -0.0157808621300419        0.2589369947326833     0.0000000000000000        0.0000000000033639    -0.0000000000001040
     0.0000000000031876    -0.0000000000001097        0.0000000000033639     0.0000000000001040        0.2249324559271521     0.0000000000000000

     Dynamical Matrix in cartesian axes

     q = (     0.181371521802     0.000000000001     0.090685760902 )

    1    1
     0.2588868605937659    -0.0000000000000000        0.0000000000005414     0.0158138105783123        0.0000000000031874     0.0000000000001099
     0.0000000000005414    -0.0158138105783123        0.2588868605937667    -0.0000000000000000        0.0000000000033637    -0.0000000000001042
     0.0000000000031874    -0.0000000000001099        0.0000000000033637     0.0000000000001042        0.2249537185532529     0.0000000000000000
    1    2
    -0.0000000000010181    -0.0000000000010181       -0.0000000000010462    -0.0000000000000280       -0.0772666416631164    -0.0772666315367077
    -0.0000000000010462    -0.0000000000000282       -0.0000000000010744     0.0000000000010744       -0.0772666315368694     0.0772666416629549
    -0.0772834858574584    -0.0772834757288421       -0.0772834757290039     0.0772834858572969       -0.0000000000020927     0.0000000000000564
    2    1
    -0.0000000000010181     0.0000000000010181       -0.0000000000010462     0.0000000000000282       -0.0772834858574584     0.0772834757288421
    -0.0000000000010462     0.0000000000000280       -0.0000000000010744    -0.0000000000010744       -0.0772834757290039    -0.0772834858572969
    -0.0772666416631164     0.0772666315367077       -0.0772666315368694    -0.0772666416629549       -0.0000000000020926    -0.0000000000000564
    2    2
     0.2589369947326824     0.0000000000000000        0.0000000000005415    -0.0157808621300419        0.0000000000031876    -0.0000000000001097
     0.0000000000005415     0.0157808621300419        0.2589369947326833    -0.0000000000000000        0.0000000000033639     0.0000000000001040
     0.0000000000031876     0.0000000000001097        0.0000000000033639    -0.0000000000001040        0.2249324559271521     0.0000000000000000

     Diagonalizing the dynamical matrix

     q = (     0.000000000001    -0.090685760899     0.181371521801 )

***************************************************************************
   freq (    1) =     6.28007281 [THz] =   209.48065058 [cm-1]
(  -0.000000  0.000000   0.113237 -0.752758  -0.000000  0.000000 )
(  -0.272402 -0.368868  -0.000000  0.000000   0.368868 -0.272402 )
   freq (    2) =     6.28053438 [THz] =   209.49604670 [cm-1]
(   0.458536  0.000000   0.000000 -0.000000  -0.000000 -0.458536 )
(  -0.000000 -0.000000   0.538280 -0.538280   0.000000 -0.000000 )
   freq (    3) =    10.13774599 [THz] =   338.15875833 [cm-1]
(   0.707107  0.000000  -0.000000 -0.000000  -0.000000  0.707107 )
(   0.000000  0.000000   0.000000  0.000000  -0.000000  0.000000 )
   freq (    4) =    10.13947838 [THz] =   338.21654487 [cm-1]
(  -0.000000  0.000000  -0.000000  0.000000  -0.000000  0.000000 )
(  -0.568452 -0.420550   0.000000 -0.000000  -0.420550  0.568452 )
   freq (    5) =    13.10744579 [THz] =   437.21726685 [cm-1]
(  -0.538280  0.000000   0.000000 -0.000000  -0.000000  0.538280 )
(   0.000000  0.000000   0.458536 -0.458536  -0.000000  0.000000 )
   freq (    6) =    13.10828703 [THz] =   437.24532781 [cm-1]
(  -0.000000  0.000000  -0.096495  0.641266  -0.000000  0.000000 )
(  -0.319741 -0.433012   0.000000 -0.000000   0.433012 -0.319741 )
***************************************************************************
