Dynamical matrix file
File generated with the CellConstructor by Lorenzo Monacelli
1 2 0     1.8897259890000000     0.0000000000000000     0.0000000000000000     0.0000000000000000     0.0000000000000000     0.0000000000000000
Basis vectors
   -0.0000000000210435     2.7567723699365629     2.7567723699365683
    2.7567723699375728    -0.0000000000220488     2.7567723699375715
    2.7567723699528512     2.7567723699528472    -0.0000000000373246
	1  'Si '  25597.9124185021937592
    1     1     0.0000000000136687     0.0000000000129581     0.0000000000020758
    2     1     1.3783861849536767     1.3783861849538765     1.3783861849571299

     Dynamical Matrix in cartesian axes

     q = (     0.000000000001     0.000000000001     0.090685760900 )

    1    1
     0.2366540587886075     0.0000000000000000        0.0000000000004949     0.0000000000000000        0.0000000000035306     0.0000000000000000
     0.0000000000004949     0.0000000000000000        0.2366540587886083     0.0000000000000000        0.0000000000037259     0.0000000000000000
     0.0000000000035306     0.0000000000000000        0.0000000000037259     0.0000000000000000        0.2992922435391504     0.0000000000000000
    1    2
    -0.1201156438053480     0.1201156490538594       -0.0767511136232009    -0.0767511102688164       -0.0000000000021873     0.0000000000011201
    -0.0767511136232009    -0.0767511102688164       -0.1201156438053484     0.1201156490538597       -0.0000000000022508     0.0000000000012396
    -0.0000000000021873     0.0000000000011201       -0.0000000000022508     0.0000000000012396       -0.1309148530719629     0.1309148587927008
    2    1
    -0.1201156438053480    -0.1201156490538594       -0.0767511136232009     0.0767511102688164       -0.0000000000021873    -0.0000000000011201
    -0.0767511136232009     0.0767511102688164       -0.1201156438053484    -0.1201156490538597       -0.0000000000022508    -0.0000000000012396
    -0.0000000000021873    -0.0000000000011201       -0.0000000000022508    -0.0000000000012396       -0.1309148530719629    -0.1309148587927008
    2    2
     0.2366933469482561     0.0000000000000000        0.0000000000004950     0.0000000000000000        0.0000000000035308     0.0000000000000000
     0.0000000000004950     0.0000000000000000        0.2366933469482568     0.0000000000000000        0.0000000000037261     0.0000000000000000
     0.0000000000035308     0.0000000000000000        0.0000000000037261     0.0000000000000000        0.2992761109707869     0.0000000000000000

     Dynamical Matrix in cartesian axes

     q = (    -0.000000000001    -0.000000000000    -0.090685760900 )

    1    1
     0.2366540587886075     0.0000000000000000        0.0000000000004949     0.0000000000000000        0.0000000000035306     0.0000000000000000
     0.0000000000004949     0.0000000000000000        0.2366540587886083     0.0000000000000000        0.0000000000037259     0.0000000000000000
     0.0000000000035307     0.0000000000000000        0.0000000000037259     0.0000000000000000        0.2992922435391504     0.0000000000000000
    1    2
    -0.1201156438060416    -0.1201156490531658       -0.0767511136227578     0.0767511102692595       -0.0000000000021873    -0.0000000000011201
    -0.0767511136227578     0.0767511102692596       -0.1201156438060419    -0.1201156490531662       -0.0000000000022508    -0.0000000000012396
    -0.0000000000021873    -0.0000000000011201       -0.0000000000022508    -0.0000000000012396       -0.1309148530727188    -0.1309148587919450
    2    1
    -0.1201156438060416     0.1201156490531658       -0.0767511136227578    -0.0767511102692596       -0.0000000000021873     0.0000000000011201
    -0.0767511136227578    -0.0767511102692596       -0.1201156438060419     0.1201156490531662       -0.0000000000022508     0.0000000000012396
    -0.0000000000021873     0.0000000000011201       -0.0000000000022508     0.0000000000012396       -0.1309148530727188     0.1309148587919450
    2    2
     0.2366933469482561     0.0000000000000000        0.0000000000004950     0.0000000000000000        0.0000000000035308     0.0000000000000000
     0.0000000000004950     0.0000000000000000        0.2366933469482568     0.0000000000000000        0.0000000000037261     0.0000000000000000
     0.0000000000035308     0.0000000000000000        0.0000000000037261     0.0000000000000000        0.2992761109707869     0.0000000000000000

     Dynamical Matrix in cartesian axes

     q = (     0.000000000000     0.090685760900     0.000000000001 )

    1    1
     0.2366540587886075     0.0000000000000000        0.0000000000005604     0.0000000000000000        0.0000000000031180     0.0000000000000000
     0.0000000000005604     0.0000000000000000        0.2992922435391510     0.0000000000000000        0.0000000000037260     0.0000000000000000
     0.0000000000031180     0.0000000000000000        0.0000000000037260     0.0000000000000000        0.2366540587886078     0.0000000000000000
    1    2
    -0.1201156438076889     0.1201156490515186       -0.0000000000007960    -0.0000000000002711       -0.0767511136235801    -0.0767511102684371
    -0.0000000000007960    -0.0000000000002711       -0.1309148530735873     0.1309148587910770       -0.0000000000018254     0.0000000000016649
    -0.0767511136235801    -0.0767511102684371       -0.0000000000018254     0.0000000000016649       -0.1201156438076890     0.1201156490515187
    2    1
    -0.1201156438076889    -0.1201156490515186       -0.0000000000007960     0.0000000000002711       -0.0767511136235801     0.0767511102684371
    -0.0000000000007960     0.0000000000002711       -0.1309148530735873    -0.1309148587910770       -0.0000000000018254    -0.0000000000016649
    -0.0767511136235801     0.0767511102684371       -0.0000000000018254    -0.0000000000016649       -0.1201156438076890    -0.1201156490515187
    2    2
     0.2366933469482561     0.0000000000000000        0.0000000000005605     0.0000000000000000        0.0000000000031185     0.0000000000000000
     0.0000000000005604     0.0000000000000000        0.2992761109707875     0.0000000000000000        0.0000000000037261     0.0000000000000000
     0.0000000000031185     0.0000000000000000        0.0000000000037261     0.0000000000000000        0.2366933469482564     0.0000000000000000

     Dynamical Matrix in cartesian axes

     q = (     0.000000000000    -0.090685760900    -0.000000000001 )

    1    1
     0.2366540587886075     0.0000000000000000        0.0000000000005604     0.0000000000000000        0.0000000000031180     0.0000000000000000
     0.0000000000005604     0.0000000000000000        0.2992922435391510     0.0000000000000000        0.0000000000037260     0.0000000000000000
     0.0000000000031180     0.0000000000000000        0.0000000000037260     0.0000000000000000        0.2366540587886078     0.0000000000000000
    1    2
    -0.1201156438083824    -0.1201156490508250       -0.0000000000007960     0.0000000000002711       -0.0767511136231369     0.0767511102688802
    -0.0000000000007960     0.0000000000002711       -0.1309148530743431    -0.1309148587903211       -0.0000000000018254    -0.0000000000016649
    -0.0767511136231369     0.0767511102688802       -0.0000000000018254    -0.0000000000016649       -0.1201156438083825    -0.1201156490508251
    2    1
    -0.1201156438083824     0.1201156490508250       -0.0000000000007960    -0.0000000000002711       -0.0767511136231369    -0.0767511102688802
    -0.0000000000007960    -0.0000000000002711       -0.1309148530743431     0.1309148587903211       -0.0000000000018254     0.0000000000016649
    -0.0767511136231369    -0.0767511102688802       -0.0000000000018254     0.0000000000016649       -0.1201156438083825     0.1201156490508251
    2    2
     0.2366933469482561     0.0000000000000000        0.0000000000005604     0.0000000000000000        0.0000000000031185     0.0000000000000000
     0.0000000000005604     0.0000000000000000        0.2992761109707874     0.0000000000000000        0.0000000000037261     0.0000000000000000
     0.0000000000031185     0.0000000000000000        0.0000000000037261     0.0000000000000000        0.2366933469482564     0.0000000000000000

     Dynamical Matrix in cartesian axes

     q = (     0.090685760900     0.000000000000     0.000000000001 )

    1    1
     0.2992922435391501     0.0000000000000000        0.0000000000005604     0.0000000000000000        0.0000000000035307     0.0000000000000000
     0.0000000000005604     0.0000000000000000        0.2366540587886082     0.0000000000000000        0.0000000000032905     0.0000000000000000
     0.0000000000035307     0.0000000000000000        0.0000000000032905     0.0000000000000000        0.2366540587886078     0.0000000000000000
    1    2
    -0.1309148530736924     0.1309148587909710       -0.0000000000007681    -0.0000000000002431       -0.0000000000017340     0.0000000000015735
    -0.0000000000007681    -0.0000000000002431       -0.1201156438078420     0.1201156490513662       -0.0767511136236058    -0.0767511102684116
    -0.0000000000017340     0.0000000000015735       -0.0767511136236058    -0.0767511102684116       -0.1201156438078419     0.1201156490513658
    2    1
    -0.1309148530736924    -0.1309148587909710       -0.0000000000007681     0.0000000000002431       -0.0000000000017340    -0.0000000000015735
    -0.0000000000007681     0.0000000000002431       -0.1201156438078420    -0.1201156490513662       -0.0767511136236058     0.0767511102684116
    -0.0000000000017340    -0.0000000000015735       -0.0767511136236058     0.0767511102684116       -0.1201156438078419    -0.1201156490513658
    2    2
     0.2992761109707867     0.0000000000000000        0.0000000000005604     0.0000000000000000        0.0000000000035308     0.0000000000000000
     0.0000000000005604     0.0000000000000000        0.2366933469482567     0.0000000000000000        0.0000000000032910     0.0000000000000000
     0.0000000000035308     0.0000000000000000        0.0000000000032910     0.0000000000000000        0.2366933469482564     0.0000000000000000

     Dynamical Matrix in cartesian axes

     q = (    -0.090685760900    -0.000000000000    -0.000000000000 )

    1    1
     0.2992922435391501     0.0000000000000000        0.0000000000005604     0.0000000000000000        0.0000000000035307     0.0000000000000000
     0.0000000000005604     0.0000000000000000        0.2366540587886083     0.0000000000000000        0.0000000000032905     0.0000000000000000
     0.0000000000035306     0.0000000000000000        0.0000000000032905     0.0000000000000000        0.2366540587886078     0.0000000000000000
    1    2
    -0.1309148530744483    -0.1309148587902151       -0.0000000000007681     0.0000000000002431       -0.0000000000017340    -0.0000000000015735
    -0.0000000000007681     0.0000000000002431       -0.1201156438085355    -0.1201156490506727       -0.0767511136231627     0.0767511102688547
    -0.0000000000017340    -0.0000000000015735       -0.0767511136231627     0.0767511102688547       -0.1201156438085354    -0.1201156490506723
    2    1
    -0.1309148530744484     0.1309148587902151       -0.0000000000007681    -0.0000000000002431       -0.0000000000017340     0.0000000000015735
    -0.0000000000007681    -0.0000000000002431       -0.1201156438085355     0.1201156490506727       -0.0767511136231627    -0.0767511102688547
    -0.0000000000017340     0.0000000000015735       -0.0767511136231627    -0.0767511102688547       -0.1201156438085354     0.1201156490506723
    2    2
     0.2992761109707867     0.0000000000000000        0.0000000000005604     0.0000000000000000        0.0000000000035308     0.0000000000000000
     0.0000000000005604     0.0000000000000000        0.2366933469482568     0.0000000000000000        0.0000000000032910     0.0000000000000000
     0.0000000000035308     0.0000000000000000        0.0000000000032910     0.0000000000000000        0.2366933469482564     0.0000000000000000

     Diagonalizing the dynamical matrix

     q = (     0.000000000001     0.000000000001     0.090685760900 )

***************************************************************************
   freq (    1) =     3.85167036 [THz] =   128.47787546 [cm-1]
(   0.500309  0.000000  -0.499740  0.000156   0.000000  0.000000 )
(   0.107891  0.488391  -0.107368 -0.488116   0.000000  0.000000 )
   freq (    2) =     3.85167036 [THz] =   128.47787546 [cm-1]
(   0.499740  0.000000   0.500309 -0.000156  -0.000000  0.000000 )
(   0.488149  0.107215   0.488425  0.107738  -0.000000 -0.000000 )
   freq (    3) =     6.94699368 [THz] =   231.72673301 [cm-1]
(  -0.000000  0.000000  -0.000000  0.000000  -0.596708  0.379365 )
(  -0.000000  0.000000  -0.000000  0.000000  -0.690218 -0.153691 )
   freq (    4) =    13.61253090 [THz] =   454.06509035 [cm-1]
(  -0.500077  0.000000   0.499875 -0.000185  -0.000000 -0.000000 )
(   0.107732  0.488410  -0.107575 -0.488186   0.000000  0.000000 )
   freq (    5) =    13.61253090 [THz] =   454.06509035 [cm-1]
(  -0.499875  0.000000  -0.500077  0.000185   0.000000 -0.000000 )
(   0.488226  0.107395   0.488450  0.107552  -0.000000 -0.000000 )
   freq (    6) =    14.31154784 [THz] =   477.38178233 [cm-1]
(   0.000000  0.000000   0.000000 -0.000000   0.679302 -0.196395 )
(  -0.000000 -0.000000  -0.000000 -0.000000  -0.619184 -0.341451 )
***************************************************************************
