Dynamical matrix file
File generated with the CellConstructor by Lorenzo Monacelli
1 2 0     1.8897259890000000     0.0000000000000000     0.0000000000000000     0.0000000000000000     0.0000000000000000     0.0000000000000000
Basis vectors
   -0.0000000000210435     2.7567723699365629     2.7567723699365683
    2.7567723699375728    -0.0000000000220488     2.7567723699375715
    2.7567723699528512     2.7567723699528472    -0.0000000000373246
	1  'Si '  25597.9124185021937592
    1     1     0.0000000000136687     0.0000000000129581     0.0000000000020758
    2     1     1.3783861849536767     1.3783861849538765     1.3783861849571299

     Dynamical Matrix in cartesian axes

     q = (     0.090685760900     0.090685760900     0.000000000001 )

    1    1
     0.2485411911681870     0.0000000000000000        0.0104606680129831     0.0000000000000025        0.0000000000034456     0.0068875264856659
     0.0104606680129830    -0.0000000000000025        0.2485411911681878    -0.0000000000000000        0.0000000000036283     0.0068875264856660
     0.0000000000034456    -0.0068875264856659        0.0000000000036283    -0.0068875264856660        0.2634518530205909     0.0000000000000000
    1    2
     0.0000000051807186     0.1186607778518071       -0.0000000033731847    -0.0772216220870697       -0.0766913264871451     0.0000000033501289
    -0.0000000033731847    -0.0772216220870697        0.0000000051806628     0.1186607778518075       -0.0766913264871452     0.0000000033502498
    -0.0766812470856808     0.0000000033496888       -0.0766812470856809     0.0000000033498097        0.0000000059298160     0.1358394099707751
    2    1
     0.0000000051807186    -0.1186607778518071       -0.0000000033731847     0.0772216220870697       -0.0766812470856808    -0.0000000033496888
    -0.0000000033731847     0.0772216220870697        0.0000000051806628    -0.1186607778518075       -0.0766812470856809    -0.0000000033498097
    -0.0766913264871451    -0.0000000033501289       -0.0766913264871452    -0.0000000033502498        0.0000000059298160    -0.1358394099707751
    2    2
     0.2485409416645827    -0.0000000000000000        0.0104966851588421    -0.0000000000000025        0.0000000000034459    -0.0068590436291090
     0.0104966851588421     0.0000000000000025        0.2485409416645835    -0.0000000000000000        0.0000000000036287    -0.0068590436291090
     0.0000000000034459     0.0068590436291090        0.0000000000036287     0.0068590436291090        0.2634689676405698     0.0000000000000000

     Dynamical Matrix in cartesian axes

     q = (    -0.090685760900    -0.090685760900    -0.000000000001 )

    1    1
     0.2485411911681870    -0.0000000000000000        0.0104606680129831    -0.0000000000000025        0.0000000000034456    -0.0068875264856659
     0.0104606680129830     0.0000000000000025        0.2485411911681878     0.0000000000000000        0.0000000000036283    -0.0068875264856660
     0.0000000000034456     0.0068875264856659        0.0000000000036283     0.0068875264856660        0.2634518530205909    -0.0000000000000000
    1    2
     0.0000000051814037    -0.1186607778518071       -0.0000000033736306     0.0772216220870697       -0.0766913264871451    -0.0000000033505717
    -0.0000000033736306     0.0772216220870697        0.0000000051813479    -0.1186607778518075       -0.0766913264871452    -0.0000000033506926
    -0.0766812470856808    -0.0000000033501315       -0.0766812470856809    -0.0000000033502524        0.0000000059306003    -0.1358394099707751
    2    1
     0.0000000051814037     0.1186607778518071       -0.0000000033736306    -0.0772216220870697       -0.0766812470856808     0.0000000033501315
    -0.0000000033736306    -0.0772216220870697        0.0000000051813479     0.1186607778518075       -0.0766812470856809     0.0000000033502524
    -0.0766913264871451     0.0000000033505717       -0.0766913264871452     0.0000000033506926        0.0000000059306003     0.1358394099707751
    2    2
     0.2485409416645827     0.0000000000000000        0.0104966851588421     0.0000000000000025        0.0000000000034459     0.0068590436291090
     0.0104966851588421    -0.0000000000000025        0.2485409416645835     0.0000000000000000        0.0000000000036287     0.0068590436291090
     0.0000000000034459    -0.0068590436291090        0.0000000000036287    -0.0068590436291090        0.2634689676405698    -0.0000000000000000

     Dynamical Matrix in cartesian axes

     q = (    -0.090685760900     0.090685760900     0.000000000000 )

    1    1
     0.2485411911681432    -0.0000000000000000       -0.0104606680119435     0.0000000000000933        0.0000000000033001     0.0068875264856515
    -0.0104606680119435    -0.0000000000000933        0.2485411911681439     0.0000000000000000        0.0000000000034905    -0.0068875264856516
     0.0000000000033001    -0.0068875264856515        0.0000000000034905     0.0068875264856516        0.2634518530205909     0.0000000000000000
    1    2
    -0.1186607778521302    -0.0000000000005721       -0.0772216220875661     0.0000000000002572       -0.0000000000024967    -0.0766913264869847
    -0.0772216220875661     0.0000000000002574       -0.1186607778521306     0.0000000000015045       -0.0000000000019948     0.0766913264869849
    -0.0000000000024967    -0.0766812470855205       -0.0000000000019948     0.0766812470855207       -0.1358394099707752     0.0000000000005577
    2    1
    -0.1186607778521302     0.0000000000005721       -0.0772216220875661    -0.0000000000002574       -0.0000000000024967     0.0766812470855205
    -0.0772216220875661    -0.0000000000002572       -0.1186607778521305    -0.0000000000015045       -0.0000000000019948    -0.0766812470855207
    -0.0000000000024967     0.0766913264869847       -0.0000000000019948    -0.0766913264869849       -0.1358394099707752    -0.0000000000005577
    2    2
     0.2485409416645388    -0.0000000000000000       -0.0104966851578025    -0.0000000000000929        0.0000000000033000    -0.0068590436290946
    -0.0104966851578025     0.0000000000000929        0.2485409416645396     0.0000000000000000        0.0000000000034904     0.0068590436290946
     0.0000000000033000     0.0068590436290946        0.0000000000034904    -0.0068590436290946        0.2634689676405698     0.0000000000000000

     Dynamical Matrix in cartesian axes

     q = (     0.090685760900    -0.090685760900     0.000000000000 )

    1    1
     0.2485411911681432    -0.0000000000000000       -0.0104606680119435    -0.0000000000000933        0.0000000000033001    -0.0068875264856515
    -0.0104606680119435     0.0000000000000933        0.2485411911681439    -0.0000000000000000        0.0000000000034905     0.0068875264856516
     0.0000000000033001     0.0068875264856515        0.0000000000034905    -0.0068875264856516        0.2634518530205909    -0.0000000000000000
    1    2
    -0.1186607778521302     0.0000000000012572       -0.0772216220875661     0.0000000000001886       -0.0000000000020539     0.0766913264869847
    -0.0772216220875661     0.0000000000001885       -0.1186607778521306    -0.0000000000008193       -0.0000000000024376    -0.0766913264869849
    -0.0000000000020539     0.0766812470855205       -0.0000000000024375    -0.0766812470855207       -0.1358394099707753     0.0000000000002266
    2    1
    -0.1186607778521302    -0.0000000000012572       -0.0772216220875661    -0.0000000000001885       -0.0000000000020539    -0.0766812470855206
    -0.0772216220875661    -0.0000000000001886       -0.1186607778521306     0.0000000000008193       -0.0000000000024375     0.0766812470855207
    -0.0000000000020539    -0.0766913264869847       -0.0000000000024376     0.0766913264869849       -0.1358394099707752    -0.0000000000002266
    2    2
     0.2485409416645388     0.0000000000000000       -0.0104966851578025     0.0000000000000929        0.0000000000033000     0.0068590436290946
    -0.0104966851578026    -0.0000000000000929        0.2485409416645396    -0.0000000000000000        0.0000000000034904    -0.0068590436290946
     0.0000000000033000    -0.0068590436290946        0.0000000000034904     0.0068590436290946        0.2634689676405698    -0.0000000000000000

     Dynamical Matrix in cartesian axes

     q = (     0.090685760901     0.000000000000     0.090685760901 )

    1    1
     0.2485411911683029     0.0000000000000000        0.0000000000006081     0.0068875264857041        0.0104606680157379     0.0000000000000407
     0.0000000000006081    -0.0068875264857041        0.2634518530205915     0.0000000000000000        0.0000000000035704    -0.0068875264857041
     0.0104606680157379    -0.0000000000000407        0.0000000000035704     0.0068875264857041        0.2485411911683033    -0.0000000000000000
    1    2
     0.0000000051830407     0.1186607778509512       -0.0766913264875702     0.0000000033496700       -0.0000000033737178    -0.0772216220857544
    -0.0766812470861059     0.0000000033492297        0.0000000059323514     0.1358394099707754       -0.0766812470861059     0.0000000033511889
    -0.0000000033737177    -0.0772216220857544       -0.0766913264875702     0.0000000033516292        0.0000000051821347     0.1186607778509513
    2    1
     0.0000000051830407    -0.1186607778509512       -0.0766812470861059    -0.0000000033492297       -0.0000000033737177     0.0772216220857544
    -0.0766913264875702    -0.0000000033496699        0.0000000059323514    -0.1358394099707754       -0.0766913264875702    -0.0000000033516292
    -0.0000000033737178     0.0772216220857544       -0.0766812470861059    -0.0000000033511889        0.0000000051821347    -0.1186607778509513
    2    2
     0.2485409416646991    -0.0000000000000000        0.0000000000006083    -0.0068590436291470        0.0104966851615969    -0.0000000000000405
     0.0000000000006083     0.0068590436291470        0.2634689676405702     0.0000000000000000        0.0000000000035705     0.0068590436291470
     0.0104966851615969     0.0000000000000405        0.0000000000035705    -0.0068590436291470        0.2485409416646994    -0.0000000000000000

     Dynamical Matrix in cartesian axes

     q = (    -0.090685760901    -0.000000000001    -0.090685760901 )

    1    1
     0.2485411911683029    -0.0000000000000000        0.0000000000006081    -0.0068875264857041        0.0104606680157379    -0.0000000000000407
     0.0000000000006081     0.0068875264857041        0.2634518530205915    -0.0000000000000000        0.0000000000035704     0.0068875264857041
     0.0104606680157379     0.0000000000000407        0.0000000000035704    -0.0068875264857041        0.2485411911683033    -0.0000000000000000
    1    2
     0.0000000051837258    -0.1186607778509512       -0.0766913264875702    -0.0000000033501127       -0.0000000033741636     0.0772216220857544
    -0.0766812470861059    -0.0000000033496724        0.0000000059331357    -0.1358394099707754       -0.0766812470861059    -0.0000000033516317
    -0.0000000033741636     0.0772216220857544       -0.0766913264875702    -0.0000000033520720        0.0000000051828198    -0.1186607778509513
    2    1
     0.0000000051837258     0.1186607778509512       -0.0766812470861059     0.0000000033496724       -0.0000000033741636    -0.0772216220857544
    -0.0766913264875702     0.0000000033501127        0.0000000059331357     0.1358394099707754       -0.0766913264875702     0.0000000033520720
    -0.0000000033741636    -0.0772216220857544       -0.0766812470861059     0.0000000033516317        0.0000000051828198     0.1186607778509513
    2    2
     0.2485409416646991     0.0000000000000000        0.0000000000006083     0.0068590436291470        0.0104966851615969     0.0000000000000405
     0.0000000000006084    -0.0068590436291470        0.2634689676405702    -0.0000000000000000        0.0000000000035705    -0.0068590436291470
     0.0104966851615969    -0.0000000000000405        0.0000000000035705     0.0068590436291470        0.2485409416646994     0.0000000000000000

     Dynamical Matrix in cartesian axes

     q = (     0.090685760900    -0.000000000000    -0.090685760900 )

    1    1
     0.2485411911680273    -0.0000000000000000        0.0000000000004626    -0.0068875264856134       -0.0104606680091886    -0.0000000000000551
     0.0000000000004626     0.0068875264856134        0.2634518530205915     0.0000000000000000        0.0000000000035485    -0.0068875264856134
    -0.0104606680091886     0.0000000000000551        0.0000000000035485     0.0068875264856134        0.2485411911680276     0.0000000000000000
    1    2
    -0.1186607778529861    -0.0000000000010648       -0.0000000000015948     0.0766913264865598       -0.0772216220888813    -0.0000000000003443
    -0.0000000000015947     0.0766812470850957       -0.1358394099707755    -0.0000000000023084       -0.0000000000010583    -0.0766812470850957
    -0.0772216220888813    -0.0000000000003444       -0.0000000000010582    -0.0766913264865599       -0.1186607778529863    -0.0000000000022915
    2    1
    -0.1186607778529861     0.0000000000010648       -0.0000000000015947    -0.0766812470850957       -0.0772216220888813     0.0000000000003444
    -0.0000000000015948    -0.0766913264865598       -0.1358394099707755     0.0000000000023084       -0.0000000000010582     0.0766913264865599
    -0.0772216220888813     0.0000000000003443       -0.0000000000010583     0.0766812470850957       -0.1186607778529863     0.0000000000022915
    2    2
     0.2485409416644225     0.0000000000000000        0.0000000000004624     0.0068590436290566       -0.0104966851550477     0.0000000000000549
     0.0000000000004624    -0.0068590436290566        0.2634689676405700    -0.0000000000000000        0.0000000000035485     0.0068590436290566
    -0.0104966851550477    -0.0000000000000549        0.0000000000035486    -0.0068590436290566        0.2485409416644229    -0.0000000000000000

     Dynamical Matrix in cartesian axes

     q = (    -0.090685760900     0.000000000001     0.090685760900 )

    1    1
     0.2485411911680273     0.0000000000000000        0.0000000000004626     0.0068875264856134       -0.0104606680091886     0.0000000000000551
     0.0000000000004626    -0.0068875264856134        0.2634518530205915    -0.0000000000000000        0.0000000000035485     0.0068875264856134
    -0.0104606680091886    -0.0000000000000551        0.0000000000035485    -0.0068875264856134        0.2485411911680276    -0.0000000000000000
    1    2
    -0.1186607778529861     0.0000000000017499       -0.0000000000020376    -0.0766913264865598       -0.0772216220888813     0.0000000000007902
    -0.0000000000020374    -0.0766812470850956       -0.1358394099707755     0.0000000000030927       -0.0000000000006156     0.0766812470850957
    -0.0772216220888813     0.0000000000007902       -0.0000000000006154     0.0766913264865599       -0.1186607778529863     0.0000000000029766
    2    1
    -0.1186607778529861    -0.0000000000017499       -0.0000000000020374     0.0766812470850957       -0.0772216220888813    -0.0000000000007902
    -0.0000000000020376     0.0766913264865598       -0.1358394099707755    -0.0000000000030927       -0.0000000000006154    -0.0766913264865599
    -0.0772216220888813    -0.0000000000007902       -0.0000000000006156    -0.0766812470850957       -0.1186607778529863    -0.0000000000029766
    2    2
     0.2485409416644225    -0.0000000000000000        0.0000000000004624    -0.0068590436290566       -0.0104966851550477    -0.0000000000000549
     0.0000000000004624     0.0068590436290566        0.2634689676405700     0.0000000000000000        0.0000000000035486    -0.0068590436290566
    -0.0104966851550477     0.0000000000000549        0.0000000000035486     0.0068590436290566        0.2485409416644229     0.0000000000000000

     Dynamical Matrix in cartesian axes

     q = (     0.000000000000     0.090685760901     0.090685760901 )

    1    1
     0.2634518530205907    -0.0000000000000000        0.0000000000006043    -0.0068875264857066        0.0000000000033838    -0.0068875264857066
     0.0000000000006042     0.0068875264857066        0.2485411911683113    -0.0000000000000000        0.0104606680159191     0.0000000000000382
     0.0000000000033838     0.0068875264857066        0.0104606680159191    -0.0000000000000382        0.2485411911683109    -0.0000000000000000
    1    2
     0.0000000059325168     0.1358394099707749       -0.0766812470861338     0.0000000033493196       -0.0766812470861338     0.0000000033511581
    -0.0766913264875981     0.0000000033497599        0.0000000051831364     0.1186607778508953       -0.0000000033737521    -0.0772216220856680
    -0.0766913264875981     0.0000000033515983       -0.0000000033737520    -0.0772216220856680        0.0000000051822864     0.1186607778508950
    2    1
     0.0000000059325168    -0.1358394099707750       -0.0766913264875981    -0.0000000033497599       -0.0766913264875981    -0.0000000033515983
    -0.0766812470861338    -0.0000000033493196        0.0000000051831364    -0.1186607778508953       -0.0000000033737520     0.0772216220856680
    -0.0766812470861338    -0.0000000033511581       -0.0000000033737521     0.0772216220856680        0.0000000051822864    -0.1186607778508950
    2    2
     0.2634689676405694     0.0000000000000000        0.0000000000006045     0.0068590436291495        0.0000000000033839     0.0068590436291495
     0.0000000000006045    -0.0068590436291495        0.2485409416647075    -0.0000000000000000        0.0104966851617781    -0.0000000000000380
     0.0000000000033839    -0.0068590436291495        0.0104966851617781     0.0000000000000380        0.2485409416647071    -0.0000000000000000

     Dynamical Matrix in cartesian axes

     q = (    -0.000000000001    -0.090685760901    -0.090685760901 )

    1    1
     0.2634518530205907     0.0000000000000000        0.0000000000006043     0.0068875264857066        0.0000000000033838     0.0068875264857066
     0.0000000000006042    -0.0068875264857066        0.2485411911683113     0.0000000000000000        0.0104606680159191    -0.0000000000000382
     0.0000000000033838    -0.0068875264857066        0.0104606680159190     0.0000000000000382        0.2485411911683109     0.0000000000000000
    1    2
     0.0000000059333011    -0.1358394099707749       -0.0766812470861338    -0.0000000033497624       -0.0766812470861338    -0.0000000033516008
    -0.0766913264875981    -0.0000000033502027        0.0000000051838215    -0.1186607778508953       -0.0000000033741979     0.0772216220856680
    -0.0766913264875981    -0.0000000033520411       -0.0000000033741979     0.0772216220856680        0.0000000051829715    -0.1186607778508950
    2    1
     0.0000000059333011     0.1358394099707749       -0.0766913264875981     0.0000000033502027       -0.0766913264875981     0.0000000033520411
    -0.0766812470861338     0.0000000033497624        0.0000000051838215     0.1186607778508953       -0.0000000033741979    -0.0772216220856680
    -0.0766812470861338     0.0000000033516008       -0.0000000033741980    -0.0772216220856680        0.0000000051829715     0.1186607778508950
    2    2
     0.2634689676405694    -0.0000000000000000        0.0000000000006045    -0.0068590436291495        0.0000000000033839    -0.0068590436291495
     0.0000000000006045     0.0068590436291495        0.2485409416647075     0.0000000000000000        0.0104966851617781     0.0000000000000380
     0.0000000000033840     0.0068590436291495        0.0104966851617781    -0.0000000000000380        0.2485409416647071     0.0000000000000000

     Dynamical Matrix in cartesian axes

     q = (     0.000000000001    -0.090685760900     0.090685760900 )

    1    1
     0.2634518530205907    -0.0000000000000000        0.0000000000004664    -0.0068875264856109        0.0000000000033619     0.0068875264856109
     0.0000000000004664     0.0068875264856109        0.2485411911680204    -0.0000000000000000       -0.0104606680090075     0.0000000000000526
     0.0000000000033619    -0.0068875264856109       -0.0104606680090075    -0.0000000000000526        0.2485411911680200     0.0000000000000000
    1    2
    -0.1358394099707751     0.0000000000029273       -0.0000000000019475    -0.0766812470850677       -0.0000000000005847     0.0766812470850676
    -0.0000000000019476    -0.0766913264865319       -0.1186607778530427     0.0000000000016542       -0.0772216220889679     0.0000000000007559
    -0.0000000000005845     0.0766913264865317       -0.0772216220889679     0.0000000000007559       -0.1186607778530426     0.0000000000028250
    2    1
    -0.1358394099707751    -0.0000000000029273       -0.0000000000019476     0.0766913264865319       -0.0000000000005845    -0.0766913264865318
    -0.0000000000019475     0.0766812470850677       -0.1186607778530427    -0.0000000000016542       -0.0772216220889679    -0.0000000000007559
    -0.0000000000005847    -0.0766812470850676       -0.0772216220889679    -0.0000000000007559       -0.1186607778530426    -0.0000000000028250
    2    2
     0.2634689676405694     0.0000000000000000        0.0000000000004662     0.0068590436290541        0.0000000000033620    -0.0068590436290541
     0.0000000000004662    -0.0068590436290541        0.2485409416644156    -0.0000000000000000       -0.0104966851548666    -0.0000000000000524
     0.0000000000033620     0.0068590436290541       -0.0104966851548666     0.0000000000000524        0.2485409416644151     0.0000000000000000

     Dynamical Matrix in cartesian axes

     q = (    -0.000000000000     0.090685760900    -0.090685760900 )

    1    1
     0.2634518530205907     0.0000000000000000        0.0000000000004664     0.0068875264856109        0.0000000000033619    -0.0068875264856109
     0.0000000000004664    -0.0068875264856109        0.2485411911680204     0.0000000000000000       -0.0104606680090075    -0.0000000000000526
     0.0000000000033619     0.0068875264856109       -0.0104606680090075     0.0000000000000526        0.2485411911680200    -0.0000000000000000
    1    2
    -0.1358394099707751    -0.0000000000021430       -0.0000000000015047     0.0766812470850677       -0.0000000000010274    -0.0766812470850676
    -0.0000000000015048     0.0766913264865319       -0.1186607778530427    -0.0000000000009691       -0.0772216220889678    -0.0000000000003100
    -0.0000000000010273    -0.0766913264865317       -0.0772216220889679    -0.0000000000003101       -0.1186607778530426    -0.0000000000021399
    2    1
    -0.1358394099707750     0.0000000000021430       -0.0000000000015048    -0.0766913264865319       -0.0000000000010273     0.0766913264865318
    -0.0000000000015047    -0.0766812470850677       -0.1186607778530427     0.0000000000009691       -0.0772216220889679     0.0000000000003101
    -0.0000000000010274     0.0766812470850676       -0.0772216220889679     0.0000000000003100       -0.1186607778530426     0.0000000000021399
    2    2
     0.2634689676405694    -0.0000000000000000        0.0000000000004662    -0.0068590436290541        0.0000000000033620     0.0068590436290541
     0.0000000000004662     0.0068590436290541        0.2485409416644156     0.0000000000000000       -0.0104966851548666     0.0000000000000524
     0.0000000000033620    -0.0068590436290541       -0.0104966851548666    -0.0000000000000524        0.2485409416644151    -0.0000000000000000

     Diagonalizing the dynamical matrix

     q = (     0.090685760900     0.090685760900     0.000000000001 )

***************************************************************************
   freq (    1) =     4.22305008 [THz] =   140.86576764 [cm-1]
(   0.499977  0.000000  -0.499977  0.000000   0.000000  0.000000 )
(  -0.000000  0.500023   0.000000 -0.500023  -0.000000  0.000000 )
   freq (    2) =     5.91790359 [THz] =   197.39998749 [cm-1]
(  -0.206552  0.000000  -0.206552  0.000000   0.000000  0.643941 )
(  -0.000000  0.206587  -0.000000  0.206587  -0.643938 -0.000000 )
   freq (    3) =     8.20891304 [THz] =   273.81982598 [cm-1]
(  -0.448629  0.000000  -0.448629  0.000000  -0.000000 -0.312465 )
(   0.000000 -0.448459   0.000000 -0.448459  -0.312406 -0.000000 )
   freq (    4) =    12.08201941 [THz] =   403.01272950 [cm-1]
(   0.455226  0.000000   0.455226  0.000000  -0.000000  0.292169 )
(   0.000000 -0.455442   0.000000 -0.455442  -0.292097 -0.000000 )
   freq (    5) =    13.54535026 [THz] =   451.82418565 [cm-1]
(   0.500023  0.000000  -0.500023  0.000000   0.000000 -0.000000 )
(   0.000000 -0.499977  -0.000000  0.499977  -0.000000 -0.000000 )
   freq (    6) =    13.90817747 [THz] =   463.92679713 [cm-1]
(  -0.220992  0.000000  -0.220992  0.000000  -0.000000  0.634305 )
(   0.000000 -0.220858   0.000000 -0.220858   0.634370  0.000000 )
***************************************************************************
